4.655474999999999
4.613475
0.03906938775510204
0.0013078124164263173
0.10418843781694581
3.3716709183673474
0.10635395696873529
0.09577114574657944
0.1585205769453339
0.08833890755862037
0.0030941891496358534
2.1569163223140495
0.10516392510416558
0.09766343789804201
5.7427734375
0.007363069230638961
0.09719337193970413
0.2354132226850933
0.1825740351414569
0.14158152682722108
0.33128939959781667
0.3069614392930057
0.002286815363578946
0.15157193253073628
0.07809815987086512
4.595275000000001
0.07308585243193845
0.06788700345470801
1.2404289940828401
0.17004930555555556
0.2945720532733343
0.3716480682943884
0.1347707694374386
0.0015980095636404157
0.31102819351224936
0.15563904174066637
2.2224661979448355
0.05334940057137026
0.11221233025980562
0.01394268400454488
0.09670324529564404
0.17268478497558476
0.21840784519918058
0.10494018944143743
0.001322561472715319
0.0014572763314057724
0.3905598072562358
0.791567454985219
0.06118349675056506
6.446785714285715
0.08378010989958744
0.08443474308941747
0.06280301846865419
4.877950138504155
4.415147392290249
0.0015641558039653568
0.10136644312205449
2.5696128560993428
0.10251681591003746
1.6538912009512488
0.1281056534966521
0.054421250421656256
0.0040467771721994505
0.7025924175593363
0.11295541108091244
5.414671280276817
0.3323737940572957
0.14646689771056498
0.10048602301103877
0.004903338252608828
0.09827842605046834
0.11568925823330256
0.18651428571428574
0.15627974532532576
0.25579431662594965
0.4807292868127643
0.3044919289940829
0.6376402238455295
0.10918202505813385
0.06354570637119113
0.031265432098765436
0.10084621892854236
0.09903625420576799
0.4340981404958678
0.13517631700707253
0.10430954422220626
1.3065613586559532
1.7121651785714287
0.0013417078064195326
2.1768750000000003
0.17071808035714284
0.3004639646714276
0.017822145061728394
0.19801133222233114
0.0025476468138275715
0.6953729591836735
0.3026189340590485
0.17014972535151182
0.15985233361432924
0.5317459239130433
0.6364919475415439
0.03405834053473294
0.09941759592021504
0.037172912557527936
0.21242932044366108
0.21536159093536825
1.7189253826530617
0.11434526502398787
0.7427714002680497
0.7477923076923075
0.29005133443105074
0.20017991247282493
3.4874348422496575
0.10172993340511478
0.2361056414712171
0.1787251723368379
0.16646043530861948
0.042630185177585336
0.07890505086276577
0.1358905511492937
0.10026500508200892
0.0006687702562249259
1.5531243496357963
0.05489071753518266
1.0425066481674181
7.486874999999999
0.006293384046735138
0.09820631402733777
3.0596253902185224
0.0013418211388804367
1.3599642927990476
0.17286356063582567
0.2567232245575602
0.22156714392004664
0.06320633419465406
2.88
0.1065511425949932
0.0017599041850228827
4.437732426303855
0.05516068052930057
0.1257575876916614
0.7313765617050144
0.10037764857527363
0.0632643024574669
0.33796147076783084
0.04718229302755328
0.10959652363706551
4.444897959183674
3.7587840000000003
0.10234420739663416
0.06348765432098766
0.46414006873160985
0.14046047480216575
0.09376126267892344
4.639275
0.18421342485696685
0.24380445395240077
0.0077939830341846985
0.00169762134797971
0.10961156647057288
0.15068991317522293
0.27796802363119827
2.795579584775087
0.10255830706395107
0.10100458769004267
0.052706026515075714
0.046988888888888886
0.0918374617585238
0.0014113951929522169
1.5549141519250778
0.008459087815146885
1.8741022683583235
0.0005454847566160537
0.08549607391165831
0.1162089582902389
7.437430555555554
0.06503401360544217
0.10546103884194066
0.09485701754961395
0.10150557846043247
1.882545174932718
0.09886878282232264
0.10708017576664568
1.584363888888889
0.003805163184631854
0.20552040816326528
0.19899576145151696
6.083288888888888
0.26832921748921
0.022407955176501508
4.232665289256198
0.06570215369872981
0.20993797085965857
2.706563265306123
0.08956819908458043
0.1163884343915911
0.037795918367346935
0.004651582602685055
0.09809118999999998
0.10019903165347771
0.15734918115394306
0.25799695073133716
0.050939542590944034
2.3196192742415227
0.09665337861925721
0.11209891588802486
1.6882240689442902
0.11563816173557685
1.3421277006172838
2.5735865595325054
0.07453942559249001
0.15490577480290196
0.1854511407259449
0.21493416243459526
0.4348246913580247
0.007348776479181883
0.0787109375
2.7908044982698965
0.09276214049586776
0.1832546038655528
0.30566318359375
7.437430555555554
0.22020545533008268
0.11899881554329637
0.1440400624349636
4.613475
0.10913748914930554
1.2075660951770548
0.10707184005077464
0.21987450459075103
0.18430928335838415
1.140423752834467
0.10922154736027063
0.09939530998721016
0.4202880049674922
0.12782875675749375
0.09798571326591315
0.0019295197528392599
0.05455895061728394
0.036457142857142855
0.0019230633069554357
2.8723966942148764
0.10208104594973022
0.05034438775510205
0.00496297503304184
0.10799684619491991
0.014766156462585032
2.9560058593750007
0.22152222222222223
0.11113992393262606
0.0019868583362188364
0.0998507244453109
0.09884534948946408
8.1
5.132376543209876
0.20012648989532428
0.2076473690616252
0.09621787201685958
0.10168955547903791
4.6308750000000005
0.8228679962013294
0.11204637082422494
0.10031150472639686
15.6816
0.07973333333333334
4.886925207756232
0.10291865643316148
2.4486390532544378
7.462430555555556
0.17938101202325774
0.2482007395191837
0.09838599046889916
2.219697133585722
0.34473671899045866
0.1428714156321594
13.612499999999999
0.3127883151738504
0.14571690089815223
0.2632819573336352
0.24679506172839505
0.08061822078214069
0.22958406861846684
0.0022039999467206566
0.22226148288824493
0.06224487728185867
0.0007068903820286465
1.9404081632653059
0.8749273597922248
0.08393302638259134
0.031999946144841564
0.2373109506079743
0.05573546312803854
0.6282430801248698
1.553603017689906
0.1047921518016628
0.818318336483932
0.0019269819642152824
2.88
0.10056674293228142
0.0013377751417964529
8.1
2.1602634297520664
0.001399293227230471
0.33498520710059176
0.2975441827551169
0.2849103689789118
2.634097222222222
0.10171289879650833
3.491550068587105
2.4960457063711914
0.3024285209696609
0.15597841190311976
0.03287159921572112
0.1773767166470217
0.2322498744647119
2.961708984375
0.10291368191883139
0.09942304286870146
0.2507617035472034
0.16611816523070094
0.05625951681134472
0.05341760814114146
0.022399430402278393
0.0009159935288435578
1.3649571428571428
0.05055693816810158
0.24000262549884477
0.07534281037206593
0.5706542183919839
0.10394012810614765
0.1893555892695599
0.0711608667097905
1.7470611570247931
0.14126063323217974
0.35012319985611706
0.36170457137490114
0.13838175093363977
0.17771961093536637
0.19859304090944627
0.05293271177313832
0.026122448979591838
1.9984331597222225
0.10647593645739874
4.437732426303855
0.1028247667086506
0.1000905768429821
2.958896484375
0.02581834044838547
5.122006172839506
4.6308750000000005
0.19306927772274346
1.3200075060987055
0.0031355900103532744
0.10221953933026277
0.300641325443787
0.14660356681845887
0.04445714285714285
0.37329228842742357
0.1397451414054765
0.05559745416277339
0.15079841835598132
0.11522437673130191
0.1556909091808077
4.252499999999999
0.22656201774691362
0.45041092399498817
0.0042150317739318545
1.153046886340543
0.12202381221049306
0.017038775510204083
0.095707703045122
0.1012619693469697
7.486874999999999
0.07783686901814392
0.17423474569265832
0.009744605142332415
0.0821484375
0.10347157928010586
6.051999999999999
0.9699390000000001
0.05101214251033508
0.3235040042999193
0.06536065707771703
0.1174744652368721
0.012358542899408282
0.060569715105421446
0.08474052444000618
0.09099689435594108
0.1261592800734619
0.560136411679218
5.132376543209876
0.0991448297296551
0.4003062000132197
0.0044766282448397785
0.3728862121912314
0.19183066946555818
0.081218251118372
1.8090708437166247
0.10997583982691757
9.680000000000001
0.1084212228578126
0.09073311899862822
0.0035984805411234185
0.21696384688090734
0.2369939235278519
0.09046529697308042
0.1336710698214545
0.41179939112321734
3.2526991676575503
2.37369375
0.10213099977057263
2.7181551020408166
3.4349245541838136
0.1822244986017833
0.49255877376833906
0.0878961534205407
0.2649664699667215
0.153779399590534
0.21114889756672625
0.22647768905828822
0.9607881580237231
0.12096286633767162
0.8596695120996163
3.0596253902185224
0.062498729369051174
1.016015512465374
0.06892351888214708
0.06147329310710558
0.42185120374293134
1.042539021852237
0.1181093564013841
0.03810740392172838
0.3814512634277345
6.0984
0.3476724608212657
0.05905785753311525
0.08591715976331361
0.14687362465693693
0.042673558141939814
0.09677365988585836
0.05817808048026773
0.08833643722114452
3.0596253902185224
0.3438223117920577
0.001847339904064984
1.7121651785714287
4.829750692520776
0.22643685632972294
0.18290737311385463
0.10338998157346577
0.053256665040756025
0.08813121459128222
0.5194508261656858
0.0016032865281020894
5.7427734375
0.13762357315155305
0.34030836843958284
1.1198120605732829
0.03741804684491089
0.0063349030470914135
4.076030245746692
0.10196472768363489
0.07528888888888889
0.09243055555555556
0.6021982167352539
0.0016135382720057266
0.10745770022504528
2.035789950203712
0.10186898804382803
0.1344718458612373
0.005308725437173247
4.058109640831758
0.18709621068640955
0.16612763999172192
0.12512368354000336
0.041103017689906346
0.4665489795918368
0.21428459894806046
0.0036666327916408748
0.09985072444531093
0.035550033233849004
0.4053731857233864
5.1425
0.09976267360663764
0.001295987475063761
3.1581
0.27080527286387546
0.0022741675338189384
0.10139171799784814
1.603275
0.10270313894053065
0.04875313964118104
0.09861074900104856
1.4484136822773188
0.39285237334881695
0.0047257916965904034
0.10284793219601387
0.0018698210995226469
0.007378294759052337
0.1049597511563699
1.376957142857143
0.0013645306682343722
0.0013293762959125006
0.13868136110055015
0.045572944830198206
4.655474999999999
4.444897959183674
0.15460419300267694
0.10809677031151804
0.00746992608899019
0.1806938824013052
0.07139227341599651
0.0016550237812128419
0.1917411254595155
0.0013401538097419813
2.3307792980368833
0.11753634401698415
0.09214447550004368
0.04901511099557373
3.4955555555555553
2.37559375
0.17709308035714288
0.4738554529173343
0.0918702370752718
0.2524471078352828
0.027035635203602935
0.40479648465538065
0.1422376469427559
0.459825872291653
0.25801282713676543
0.2425975161475041
0.09134393078233129
0.10774232978853442
0.09195220479984434
0.18469704831964834
0.3243841977962913
0.7320210300186556
0.03344503560387034
0.6193602071005918
0.4385999282525511
0.15343277385245818
0.15192123290686715
0.1841474710743802
0.1294029733850363
0.18859904071062597
0.18770573685060404
0.1043797527789403
2.3874937500000004
2.575485756026297
0.19774755924675
0.15342725895963727
0.0009773235938641345
0.10788068112074412
0.8034437499999999
0.33091679987302886
0.0637012125211731
0.7035555555555555
0.0014889540186357598
0.37695591896364106
0.13560763422625674
2.1679080578512395
0.12434557988439746
0.6448638217622034
0.09633136094674555
0.09759780630444807
0.09870433768708332
3.6111390532544374
4.032098298676749
0.001615349533735723
0.1832828690017618
0.23280153061224487
1.9965234375000003
0.5001378040762655
0.6138040425616076
0.1610452464941136
0.09824241027998744
2.38899375
2.123772839506173
0.30335512349315896
0.11188780340538584
0.13891711272861515
0.0033479899999999995
2.930068359375
0.10346142824168805
3.615754437869823
0.003929883018412831
0.05015951560330314
0.09779815091117476
0.0016656702682103296
0.19181724650097837
0.238539500297442
0.004965145617070356
0.05164687087839024
0.10445261949939705
0.5947958804283165
0.29409265120976835
0.002582384038427995
0.1795680234897641
0.22687377867259542
4.437732426303855
0.4309078627927011
0.0015620095437422598
0.14501528624624832
0.3114821088076596
0.062233407271247855
0.2849103689789118
0.10246766451439654
0.5259362354029367
0.1271925924185884
1.2718888504155124
0.10115193282788104
0.07802267938679587
0.1408557763329843
0.1316114409260844
0.3784113034072472
0.5148091412742382
0.4404918659132499
0.16814948278288608
2.1224888888888893
0.0014943929079112965
0.12678736281114347
0.008824505809566924
2.8723966942148764
0.0017416651762486995
0.10054236173023555
0.03393819855358317
0.09736654249583375
0.11030609418282547
1.0943685433884296
0.21817895349058938
0.1586330981797966
0.0016255432475893858
9.542222222222223
1.5426352757544224
0.1010032831289069
0.10320601465021693
0.09821310135075217
0.11563698641203365
0.09731985722011897
4.886925207756232
0.001674924020534139
0.0994461302041975
0.10109680704276555
2.2739285714285713
0.10118245637251554
0.18777651185284366
0.00207169002760358
0.19542902219513072
0.10276233393266376
0.17767233968267565
0.1650326388888889
0.2956079046201814
0.0031467872611803138
0.006506427478307399
0.0012099987875763656
0.09718189417148537
0.0354607957842077
2.3717437499999994
0.10313508033240998
0.10331875095208058
4.655474999999999
0.1
0.0039823099999999985
0.04831597222222223
0.10202472873263886
0.10111710899824196
0.13551264471088617
0.06274774490089055
0.2041866100653327
0.020352733686067017
0.14996957484566406
0.042471513109284105
0.0013445942892631986
0.030701317194731216
0.11312744676120651
1.4846485207100593
0.09774506571619515
0.006072835963088937
4.064234404536861
5.688398437499999
0.10444947720764819
5.7427734375
2.443668639053254
0.052020803889422804
0.0013717858759619737
0.02569010416666667
0.13068979555555554
0.4250217391304348
0.10569145562130176
0.4540335316387237
0.11380229305999578
0.10063962130177515
0.16541256430258053
0.2597431910447552
1.6588365650969525
0.010554319035214288
0.036457142857142855
0.0013064878886517638
0.2224381667042034
0.18854229082903612
0.10468418028270862
1.0766432098765433
0.10245114537560615
5.3908650519031145
0.0014750659481790644
3.1581
0.10636554873997486
0.09724268353174603
0.1024770048864616
1.6053638888888888
0.07227346826256828
0.14596038428650468
0.001729654499540863
3.154988888888888
0.004871985447374528
2.1296
0.11801292110946279
1.2404289940828401
8.1
0.09951156569097336
0.1303131849922869
0.4358830915178572
0.09625940655864525
0.049919398500037876
0.16155602792720142
0.10029710621388577
0.29297689053031667
0.17245794311979315
0.2638763619205582
0.007424726364675954
0.22880766338291847
0.19779247015610651
0.09665337861925721
0.2782954682246066
0.140650261492106
0.10125630720237687
0.09991601904067185
0.23277289501266485
0.06307244822485208
0.0838534536320973
0.06037098260069576
0.133066526597202
0.02423050816929314
0.09137363066071594
0.11050418823334378
0.097939700340653
0.049133533848004826
2.1296
0.451745917656836
0.058462435629349906
0.006972707992160859
0.09798390999999998
3.2631153388822827
0.09723559148085208
0.15147010035370376
0.2046192369008396
0.12106582837982015
10.543593750000001
0.04831597222222223
0.09487890413737157
0.10482340925035193
4.647475
0.34827179762514204
0.12374252958625874
0.107979636515695
0.5177631616574682
0.21037974904223747
0.0957863610923011
0.07912915008002624
0.3082250877666757
0.13446538255867727
0.1046759145116517
2.4236817882971726
0.06171597344769567
0.4146315583328882
0.6952301020408165
0.0973391423885828
0.12249204123426079
0.08670940137941258
0.0013486272315459025
0.03704414812005146
0.14426025047961535
0.10547962398208957
0.32906664852792794
0.08930674230421008
0.12226326643598616
0.033361094586555624
0.09654235858241977
0.006621341211922258
0.14448581336369756
0.15913383315130294
0.03805585584232942
0.28358974358974365
0.0022069783550987035
1.165319750148721
0.152976263200294
0.008940033051956368
3.7436159999999994
0.1523750011548304
0.23038379451676616
0.11612542900925771
3.375344387755102
0.05967552382432523
0.0781422348294262
0.10293021612016597
0.10020381727714067
0.1679731376616899
0.0681183979552469
0.09846798399672968
0.10626357360765981
1.9593835901707624
4.868753462603879
0.10452628737461116
5.414671280276817
0.06047499999999999
1.403501297577855
0.05645138055222089
0.7903509815585962
1.6836565096952907
0.03539264263811997
3.2452794292508917
0.17312438344477002
0.2284204063225042
8.1
0.2565560296189465
0.17691277889139953
5.7427734375
5.414671280276817
0.04280585880521451
0.012893652343749996
0.00596618395827932
0.3283638888888889
0.004618252814844174
2.2535204081632654
0.5605856123662306
0.03544969075099632
2.5113365650969532
0.09152574004983594
0.07873905552958214
0.15396728274198013
0.09559658298631765
0.18405185795400386
0.2144628635734072
2.498150969529086
0.20485475608459988
0.20317939601590881
0.009051427994242568
0.10368521341463416
0.0970252054306682
0.263700350912882
0.062081824796091
0.17876311123784963
0.20897559171597635
0.15425122619420903
0.337596477536139
1.113454881754525
0.10414909082605817
4.211342975206612
0.8095353346739443
0.10656743706597224
0.11249572482000672
0.004870024207721928
3.48320987654321
3.5965828402366857
0.22074413618920818
0.7375863905325442
0.2709033847192701
0.09684376325136454
0.0698156899810964
0.07171114222612791
0.0013694567800933562
1.4362976163956338
0.05124783594839491
0.03887598981255262
2.4486390532544378
0.0993736345346
0.12121166422831688
0.9514696270665128
6.500663265306122
0.06047499999999999
0.223316987654321
0.18854229082903612
1.685761772853186
1.2713970051132215
0.05248897095752063
0.0703862449008219
0.22814220744290675
0.026122448979591838
0.09483505225052935
0.11409763313609465
2.278010204081633
1.7315504132231407
0.10893940987452377
0.0011839518975174613
7.462430555555556
2.9499902343749995
0.13153466266028563
0.40564384222034744
0.4623009366366434
0.24410951814396192
0.2285853373628257
0.05173298988450372
0.029734991887506758
0.059963415081422076
0.0846034653707782
1.419850778546713
6.483112244897959
0.12775629469382851
0.006019743751312748
0.04164175248963595
0.34048901892702355
0.10213099977057263
1.4615082644628097
0.05268403396891523
2.173279958677686
0.10436420739969597
0.0032152621539261214
2.88
0.010019975475548119
0.09835021614492424
4.886925207756232
1.9821484374999996
0.11005127080629207
0.10862786463633921
0.09616145039047962
0.21372307192989573
0.12791109174984144
0.0017410035794666512
0.00435875403000806
6.067822222222222
0.22972281675254327
0.002475855587805901
0.8267689385638102
0.05718449278289318
0.05281663516068054
0.051167842567722444
0.1004338684314463
0.10277330438258155
0.004298066736672167
0.007403610160949826
0.09987956702318569
0.13872451774691355
0.05078875576293872
0.2667963976271262
0.06479864913333412
0.0710348290153977
0.0986905381177243
0.041103017689906346
6.959289940828402
0.4321465357269448
0.0017225969084423303
0.46432270323481606
0.5899815574541759
0.15587191671061706
3.6064053254437862
2.3018441403926237
0.10160184698954908
0.385725866451733
0.006256462191358024
0.09974525953068504
0.17744484618989123
0.24080934989929378
0.11223215892555058
0.08362967214113863
0.07495387610117162
0.15656509439999997
0.09847839
0.036630859375000005
2.6933387755102047
0.10636257898677767
2.8723966942148764
0.28250702216273804
0.42466181474480147
0.0031956707655325448
0.4367520328443878
0.03549080663526732
2.765891003460208
0.0072105683835643865
5.7162109375
0.33210715459873713
0.05909700609667586
0.40399024538942235
0.14263784867493484
1.042539021852237
0.1049985922708259
1.2686894044321329
0.09915254565860628
0.3248485812025788
0.15201067519681813
0.04990531487477833
0.05067708333333334
0.15176372223244122
0.2665656438164958
0.32981498581144997
0.14157612599819572
2.706563265306123
0.09737468307744497
0.1041606307737265
0.22480799163200857
0.08319232737166998
0.37695591896364106
4.252499999999999
0.13373604712173592
0.4317536612107447
0.10205643307555026
0.37237735849056613
0.23038945375878855
0.26266004155124656
0.11652827315002655
0.11918454311810955
0.009526570489408326
2.0379628791308284
0.13953708911614315
0.4050901327456483
0.16977304073095612
0.3909730095742
0.00936750919662988
0.09082703123310304
0.056910016642745594
2.1745196280991737
0.0014920522941686964
0.04942686267916173
0.07015432098765433
5.402906574394464
0.09434487305693552
0.1564760561738826
0.30022102826602437
0.11671824484761549
1.180667757287329
0.07973333333333334
0.0981147046191204
0.10209363899004112
0.205385311935381
0.0023609937071475537
4.076030245746692
0.09904480155086215
0.20205515999999998
0.19510345073887714
0.08755555555555555
4.407256235827665
0.10998091648121054
0.7192241426611796
0.18688443382690548
0.11281319250372879
0.23061048193307226
0.03537777777777777
0.05177942077441965
0.052559171597633125
4.2186157024793385
0.10025862429481311
0.0013708683175682858
0.002164610019474792
0.001538744713571703
6.500663265306122
3.763584
0.10221426142367283
0.038364943237074886
0.10176098158591214
0.35012319985611706
0.18715338518700575
0.20797823666499882
0.24194946206445891
0.17723269139886577
0.0013946489701317161
0.11009353804828911
1.0425066481674181
0.11259285512089999
0.8829595041322315
0.001278578230729501
0.09905262396889869
0.04870400000000001
0.007965236091848881
0.005915622125031562
0.1173984013740256
0.172208397447402
0.09679859750197092
0.1038240357875016
0.31868508390111766
0.1431659631753323
0.0031324717226262093
2.616381172839506
0.1014829312360506
0.09702554296391565
0.1277614180828784
0.4902356001111084
0.10456577285318559
0.1423983122660829
0.288590771051418
0.3052571063862216
0.16346058121354176
4.252499999999999
0.029740075614366732
0.2836833851938818
0.5673792934421064
0.26657875546912985
2.0843336483931947
0.0012872778184387622
0.004260611578681024
5.402906574394464
0.09641831248326146
0.06288224309642372
0.2904550082230402
0.2519284730011216
0.17682777382038295
0.06467502750275025
0.012263158618729049
0.030743749999999993
0.1045960175210821
0.0707482993197279
0.17122979029014648
0.260896
4.076030245746692
7.385763888888889
0.19349112426035506
0.00433452427263979
0.3829563903808593
0.05878527562169509
1.7490049586776861
0.28532327586206896
0.2137509621260537
0.4853840251478924
0.0055910427946688854
0.06930747922437673
2.6428626543209877
0.0919950087411526
0.12618369048251676
1.8800076893502495
0.048979468720464915
0.1044529825741836
0.15619899902343748
0.22852643988781282
0.10068584610839483
0.09592334996298074
0.0510202880859375
0.09809507388788191
3.7436159999999994
0.06397784147987733
0.005716900934264792
0.39321999999999996
0.13081816253446965
4.252499999999999
0.17707002985781534
0.008119357926204518
0.10595663265306124
1.4558884297520662
0.10284353815055435
1.6210341855788566
0.045104937165514974
0.0066183925205806375
0.0005156439972377878
2.443668639053254
1.2082390642525236
1.1331448412698413
0.0540124816049169
13.612499999999999
0.4059082371422716
0.12676245002334613
0.05110743650290094
4.076030245746692
0.04965981468065755
1.5785756517065304
0.05812939423109759
0.176524162516976
0.15782165759340552
0.5902001836547291
0.14665412438595862
0.001322561472715319
0.031661385242191045
0.0302850006523629
0.008597189173111244
3.7436159999999994
0.1300017895002352
0.08820828563296994
0.094188641989835
0.510866285119667
0.33986348767728297
0.06413878850014951
0.8523307171437364
0.04648301647009281
0.0021395824362567093
3.7587840000000003
0.10781470966563406
0.4949262830323437
0.0014919829294314892
1.4575413223140494
0.10492023462379309
0.04030428128642544
0.30934896250600863
0.03079502433747972
0.0044493946239258005
0.0022231974350556956
0.09736441193791524
0.5671345029239767
0.10974976456174625
0.08006166737132463
0.001886369237228576
0.09551291356395514
0.1089
2.37559375
0.14221652318668254
0.006374129987256152
0.094188641989835
0.0030929026022173574
0.10368361004371991
6.408826530612245
1.7755727023319612
0.0997515479884042
0.1044529825741836
0.5105210526315791
0.053804485607666284
8.8209
4.045406427221172
0.004360384619656631
0.0024553650793650793
1.6821298861188059
2.831808999081727
0.10164916691314206
0.19446456748269775
0.21156239941409438
0.19662946428571432
0.20720837223498995
5.7024609375000015
0.0013955634026572897
0.10003671779353797
0.0030449137454474505
0.059446747962000425
0.36443793161060367
0.0965019680166954
0.0013472611015131867
0.02974007561436673
0.17164783108302212
0.00345582227989235
0.30248155745417593
0.002079624263624577
0.11659776543209875
1.0533778355387524
0.07330517076605804
0.19329552514792903
1.7165274234693881
0.21774326107628714
0.18353867977992813
4.444897959183674
0.36138611051038055
0.14643076014245765
3.4874348422496575
0.4210819871428834
0.00532069094693028
0.4134363745498199
0.05958104263810123
0.0980459338217096
2.877539026629936
0.9784183673469389
0.12689994857798348
0.09044646567403175
0.09969110257929863
1.9201960000000002
0.001628103424527815
0.24243361928104576
0.0021344184465593614
4.877950138504155
7.486874999999999
0.12464620761451514
0.0030729745322921683
0.03506587322749181
0.5769643920030813
0.09450437331313737
0.11073646869121205
0.012220949604331531
0.0016297935341811078
0.2612091910857707
0.03932551760019209
0.004474323820256822
0.09987956702318569
1.2224675532767186
0.0586733289281233
0.08700422985513805
0.10112114996280157
1.4087089100346022
0.10572930740147253
5.132376543209876
0.03798611111111111
0.10895075421472937
0.31129513731418496
0.1492172805789633
0.03798611111111111
0.09907252783653558
0.17634859084068974
0.03188640051903115
2.877539026629936
0.10227480049337302
0.003700407603853451
3.4955555555555553
0.0013918954870006793
0.38443222045898434
0.13486461480826978
0.35097130102040813
0.14157612599819575
0.061224649648371106
0.04402560389085232
0.06851239581962004
0.0027582600161842946
0.0036046943586571945
0.11605961185857343
0.830664036817883
1.0521869092627598
0.3025922127291205
0.1678816907872864
4.886925207756232
0.19993192824232925
0.2087311841644655
5.1113888888888885
3.237479191438764
0.0012899772087624959
0.25341101364015
0.06191077804386031
1.4832094674556215
0.0014651376933855697
0.1153497291584093
0.7968348562214459
1.579521633969363
0.09329781300218087
0.10426884336803983
0.10404446848661915
1.0424650248583651
0.19856139504918793
0.5324565269894941
0.005539555555555557
0.07097066952665233
0.19920649076451483
0.22101707523245986
0.17570351556330557
1.9887456597222222
0.10386195542530831
0.05256867728589451
0.2827719770122623
0.13961510049837095
0.10641854013814528
0.10050027504367107
0.11392390506545479
0.010627689365480501
0.09982813429506249
1.2082359375000002
0.20291989360711557
0.0027412052290360293
0.04557429862519767
0.12889060566652358
0.03434356229272332
0.06214915714072139
0.009583439993644517
0.050677083333333345
0.0995753912188512
0.10032462083394011
0.06354570637119113
0.09954697106341313
9.635061728395064
0.06836432951063708
0.17389991385386486
0.030861849409568654
0.029432098765432096
0.0942314012027873
0.0014702706699388159
0.1169563793955638
0.49735886005823376
0.062373028832215766
0.36165555555555556
0.39331344000000007
0.14433655393889655
1.5294079113126735
0.1012619693469697
0.09309787326388888
0.09237772935328681
0.06877891345000632
0.06819140772706703
0.3622854595336077
0.05690520368369439
4.647475
0.05133025722900877
0.05359806200487926
0.12572712288396418
0.43005569679209776
0.06992414806368141
0.18604877416474333
0.11074226095907011
0.152993058661385
0.30191375147928995
6.500663265306122
0.2494030570773389
0.0010143024861982938
0.049835218481271176
0.7568011474609376
0.06641864331427506
0.311139701407765
0.09477797848257836
0.03356019718190741
0.12725098948632485
0.40686649305555556
0.10220546037158537
0.1
0.1393018905464873
0.29432165408622446
0.5206482005432322
0.131075556129023
0.0007536339149214978
0.977527072053311
0.057081220977050436
0.1001856068684892
3.4955555555555553
0.09901616584960499
0.05798400000000001
2.3843437499999998
0.09923040971162256
0.05194164327798497
0.16942877144055593
0.1804035964171491
0.0067293935050594346
0.06047499999999999
0.1960582147233481
0.21032091571279918
3.130722222222223
0.004532201926537571
0.30419709059430156
0.20247051726860155
0.47856665705497875
0.10055982232079233
0.04956830283494854
0.5024236686390532
0.0015930699448146602
0.09897238958612158
0.08777533475401475
0.112051812074211
2.4822506925207755
0.0885417842380019
0.11998759530119596
0.099611745240928
0.09243055555555556
0.12590260688798138
0.006488444010416666
0.5044528537326389
0.11467277558698837
0.0027604039956106168
2.6107638888888887
0.10423620380793232
0.094510253886129
0.12527517881050684
0.008523644210921376
0.006440488512823961
0.07974541380777272
0.12599336840227066
0.004777821152019867
7.462430555555556
0.12507724808091109
0.0065910808767951625
0.10653616285876621
0.04028537455410226
0.044748520710059164
0.6171755327671847
0.20253999935484912
0.07778563288099205
0.09718189417148537
1.6014750000000002
0.09678774664500303
0.6585185354273191
0.15058964193843288
0.8521952908587257
0.2861970174333123
0.6536244521548575
0.002443081942854079
0.10752830899345918
0.14145329355958725
0.34896823979591834
0.0989809394540776
0.15736863905325443
0.004951813111045052
0.040073461891643715
1.1660066773116564
0.12103209464363476
0.026107681755829906
0.2301163327736754
0.005865922707764466
1.4362976163956338
0.1863517863906072
0.0032080147501007796
0.1174563763026965
0.08686323443228328
1.8429696745562132
0.10185976265904513
0.04718112244897959
0.2507813565314007
0.17896901496946951
0.0669535117867038
0.0436275942390492
0.5570501224489797
0.312981426041491
0.1548870122977087
0.1602334510106404
0.26999793962333263
0.0802551020408163
0.058329162068838716
0.0791368643428399
3.7587840000000003
0.001343218315972222
1.7794135802469138
0.011109848962473615
0.09654828840907682
0.0013078124164263173
1.7424595041322313
0.050775238465843205
0.11884297520661159
0.05516068052930057
0.04493919871311403
0.0020518737616217037
2.267851473922903
0.15268063217354727
0.3214290815443214
0.1638152262693727
0.21989770230570196
0.05362540074385338
10.719843749999999
0.009849386904006498
0.0013039190903107992
0.10284672852558618
1.3960596513337533
0.10353294610890854
0.0016124132031598262
0.05800373942156242
0.4003203104004299
0.10030673677634319
0.187871234425337
0.20917611768573308
0.0008860481484010104
0.8378084126040427
0.1466861081065474
0.4670918706073578
2.577326515704894
0.11393032849757816
1.6020972222222225
0.3368859276170952
0.001981560986227376
0.1337018890200708
0.40167352537722906
0.18164161290217093
0.22376595154187326
1.438151035865449
0.006973184037937295
8.070578512396695
1.882545174932718
0.31721061390532546
0.1565289275178883
0.05601140899725896
0.13011304890641295
0.2516607554137137
0.11495694414072292
0.07166812688232761
0.1693274569050484
0.23810379298363535
0.10260366441658635
0.20291838122621855
0.06948020441275482
0.06821023990122922
4.886925207756232
7.486874999999999
0.05831350156087408
0.13097977700884275
0.2961
2.4960457063711914
0.22586234504132238
0.0028324759945130315
2.7014693877551017
0.10700621268885346
0.050463477907614386
0.0350530612244898
2.546238130021914
0.5715775794261482
0.11099142062853247
0.10801001086825264
0.10093707088957381
0.09822489155822489
3.615754437869823
2.526398831263696
0.12514273643460788
0.01052092951677439
0.06857258378634695
0.06325638774010679
0.10535538317367762
0.11245604741372955
0.011065972222222222
0.11303672130362424
0.5603240190249704
0.4917868530130726
0.13120458351601752
3.6246301775147933
0.09945499214862591
0.09624001345636293
0.10930414391470203
0.06348765432098766
0.13566623443578243
0.14981692062514473
0.17352682837885416
0.05309948979591837
0.001570578363951444
2.877539026629936
0.006736669101533964
2.1768750000000003
0.10113104159257567
0.07418685121107267
0.5115073599956141
0.7109148063295859
0.17867111560206309
1.195061728395062
0.10072164557688211
0.2223319452706722
0.17316200172292273
6.938698224852071
0.09890892910055281
0.04890089855037897
0.30889052734375
0.11601186725206612
0.003608509232671162
0.034097222222222216
0.003660786328947309
0.0032426391267478985
0.06628149017751479
0.0037135097874743585
0.0013822662419336017
0.10153904765319659
0.002557329743682048
2.9560058593750007
0.06662776947021484
0.2610218998215775
3.7587840000000003
0.0054054888264087175
3.5642751479289934
0.05188547356212813
0.09831056056830281
3.7538560000000003
0.6254844674556213
0.12108635697598556
0.15247510034190573
0.4346635061728395
0.0011851846556156088
0.09888128211173257
0.05342581083271457
1.3607498512199958
0.1200273326070843
0.6579268626734844
0.2668964773699229
0.17903314694505063
0.0973391423885828
2.8669605142332415
0.09827373631973597
0.11064671991709805
3.727296000000001
0.001310469545244233
0.0980459338217096
8.1
5.688398437499999
0.0014506066995207375
0.06348765432098766
0.10107202994826658
3.0444328824141524
6.959289940828402
0.09478714521469157
0.10423351827989534
2.116958024691358
0.05161603803190248
6.0984
0.1057583264238269
0.09868550999999998
2.8697153351698805
0.25204617997502005
0.06768368279115126
0.2001147405787228
0.002471108768848914
4.430385487528345
0.0019283091426643474
3.7538560000000003
3.2452794292508917
0.003143999565972222
0.08027681660899653
0.05163303322594924
0.23608167298446744
0.06431843651665581
0.1580137998892449
0.48172535125822025
0.8829000000000001
0.11949560199202705
0.7261734239251503
0.08756060860558215
0.31158864364542543
0.3750029637554397
0.3465028167597204
0.08591715976331361
9.680000000000001
15.6816
0.18064541990366162
0.004812623274161736
0.17702074686140917
0.23122657590440898
0.12524603899127537
0.07712177218586484
0.1693179465165021
0.3046309721373045
1.8455436390532542
0.06372061701005277
0.2514582906536436
0.22012439609478618
0.17420147287901627
0.10707985717737387
0.025339506172839504
0.10130698601354841
0.20447398208738182
0.20249913197793298
3.763584
2.1296
0.10002487631980099
0.6100996093750001
0.1241073634463737
1.416131055363322
0.21937112459240887
0.20208161157024787
3.367895408163265
3.763584
1.1851734374999998
0.13302779421433264
1.020731301939058
2.502195290858726
0.001308012390011239
4.444897959183674
0.1659899732925493
0.6172680433283299
0.1759489130841938
0.24749943750000003
0.004647293266174384
3.4874348422496575
0.10753794964948286
2.116958024691358
0.18379296008385015
0.22589933276085528
0.02421595168679717
0.11520031041105992
0.3534740696651312
0.21261308775203863
0.375699852071006
0.09890892910055281
1.9955164930555556
4.070207939508507
0.15149999236356418
0.005119173191610206
5.078055555555555
0.10516261916502302
0.10015298355475644
0.042643080124869934
0.09688338269148174
0.09823310999999997
0.0013472611015131867
3.2414268727705116
6.428010204081633
0.08612648574415233
0.18956876448640403
0.593124609375
0.037773152965660764
1.5219400352733685
0.42439197166469894
0.31581981013428534
0.0519040622694758
0.23267250286381705
0.10309749584487536
8.784900000000002
4.252499999999999
0.09863773504156484
0.08029803258707958
0.15910672218917313
0.11093846155732888
0.951461937716263
1.7158641581632652
0.10581654960743497
0.0012733683098130539
0.19433971224068536
0.19037264000968976
0.09933048668503211
0.05281663516068054
0.6026097393689985
0.000837050246181038
9.680000000000001
0.09908457569297661
0.09191979008606574
0.3630920438957476
0.06067237581703019
0.10179698536531165
0.09794799
0.0775727309074965
0.1474342928944694
0.03713498622589531
0.09661108227292822
0.12277382698961938
0.012543617998163451
0.038150969529085865
0.15133528669410148
0.07071924223495102
0.11543008403151495
3.9083159722222223
0.14447176909979675
0.398407996668055
1.879100346020761
0.052966834218191663
0.03552189140002742
0.007895667883623772
3.763584
0.050050695341411475
3.7587840000000003
0.07395040017511531
0.002257343890972296
0.057474999999999984
0.0008062395124629069
0.09590988637576367
1.3548673469387758
0.0014391217912946427
0.09329534662867996
0.10868836565096952
4.064234404536861
0.09779815091117476
3.1581
0.10409365298834197
0.13565641087446845
0.41007644234164253
0.1659519260175809
0.10913725286160249
0.00790578828760942
0.10286029160704996
0.005025107027042837
0.10408245913802781
1.7720061728395065
0.9773450951216919
0.24783244770917867
0.002832797971259509
0.044748520710059164
0.06694444444444445
0.11080894102776613
1.8817301038062282
4.639275
0.18251333119848517
0.004308365646715552
0.12156964310962387
0.7206990397805214
1.3567506447133504
0.03659709620337212
0.0023176078971533518
0.10444947720764818
2.961708984375
0.052984424215172174
1.2866382222222223
0.12087768371734896
0.09437375415715231
1.846342455621302
0.048890532544378695
9.680000000000001
0.052788266204323905
0.10554330049128836
0.27006543593768867
0.006046427291928002
0.0690249433106576
0.05736470637119113
0.021600000000000005
6.917633136094675
0.03881651443989538
0.5193716047985515
1.746360330578512
0.10270313894053065
3.141655555555556
0.5180907589373197
0.10869787053723758
0.11862198620944976
0.06271288156350734
0.003269177095140721
0.2542936121627306
0.0026458351367728535
9.680000000000001
0.27954682562482036
0.0020915296751765526
0.0013165866091559653
0.002351897499999999
0.0525
0.09994480424822988
0.05605524691358024
0.0525
0.0015448009021018043
0.08364270903164346
0.36453072702331957
0.20653460983816693
0.10447300125852088
0.09341169264658973
0.06694444444444445
9.680000000000001
5.132376543209876
0.15263867455418378
0.3162342825443788
0.06653739612188364
1.5048979591836733
0.1643817462891914
0.3024971005185519
0.0014118697788721084
0.05424628163043819
15.6816
0.2224458765432099
0.006560164499724938
1.6048749999999998
0.10198811433418437
0.10466061565664514
2.866960514233242
2.502195290858726
0.003736611007754793
1.7477355371900827
0.2311775884066085
0.18896755415095184
8.784900000000002
0.04556480380499405
0.05050043165422126
2.1768750000000003
0.16234090298306908
0.0036721253929977715
0.04986102037927634
0.398303379467885
0.09039581732992821
0.14465774585505173
0.23657614294544543
0.09114809947332375
0.23688407623894145
0.03431277582719803
0.45719024943310654
0.44518296115593914
0.1657805033769372
0.10277776679016741
0.09868256824650112
5.1425
0.18384069780948928
0.0025473570830885366
0.13962682262721998
0.21126994800662774
0.2233857283950617
0.3074100114710653
1.5258100277147892
0.0013066939371804236
0.09321403916494383
0.09949347096048483
0.10895178008828839
0.08591715976331361
5.3908650519031145
0.001372282767867888
0.001561703918219846
0.04932632010994957
0.12020797614504361
0.47129081192093164
0.09896660647992583
0.21212958397253273
0.004579
0.09496126377462423
0.6097089843750001
0.1257430200002966
2.4470348454963835
0.09490410192712757
0.057494760123200185
0.7779302400000001
12.001224489795918
3.1581
0.05978076268502026
0.3223978041368494
1.3221692625258021
0.049745288464016074
0.1313362754766601
0.500235634451019
2.3792437500000005
0.2906827426664717
0.07842625859210288
0.3223978041368494
1.5294079113126728
0.9024979591836735
0.10869787053723758
0.061806000451590376
0.6012654320987654
0.24514200782333442
0.167537970303997
5.1425
6.959289940828402
0.10431687340432678
0.036457142857142855
0.09959630601101573
4.622275
0.1046759145116517
0.03079502433747972
0.0018158894036918475
0.12482753205717946
0.05162709939459598
12.001224489795918
0.07528888888888889
6.938698224852071
0.09756823840994035
0.0671257904704373
0.0027554347031562947
0.08591715976331361
0.07528888888888889
0.30094754991617134
