2.278010204081633
0.1614657876678757
0.26999793962333263
0.09246218170437129
1.5553095733610822
0.08235365440293764
0.14142827608673858
0.09870080604513527
6.500663265306122
0.09781427363844948
0.09909999959022442
0.1162631812052516
0.5975994580149799
3.913593750000001
6.500663265306122
0.19293232029690835
0.12281935551920707
0.15078425739729961
4.886925207756232
1.6062749999999997
0.10482575995882068
6.500663265306122
0.09769115385647642
0.20333937007533678
0.19148800747546155
1.272470567867036
0.04273921241037421
0.16040873421123353
0.1248533000572678
0.433664
0.12422033226828828
0.4644918367346939
1.9209960000000001
0.05031987302693807
2.9670996093749995
4.076030245746692
0.2760823039356507
0.1664001978342357
0.40003409701693093
0.12828511995657618
3.0596253902185224
0.09880030262269607
0.10135459665907952
3.4955555555555553
0.1960192127742459
0.20256480159801793
5.1425
0.3475487899089424
0.13020525053757356
0.10305982271468143
0.19880242415229027
0.19446351710808707
2.7978633217993085
0.35003121748178984
0.1388240832956089
1.420127595155709
0.237886941232884
0.18319561923999494
0.07458899783000739
0.14787901260485029
2.4486390532544378
2.38899375
0.10618622394963323
8.1
1.6893074792243767
0.10349513250405624
8.1
7.486874999999999
0.10004678430910197
0.09818005750980921
0.0997048813469332
1.289198222222222
0.18217408944789487
0.25523263503057486
3.4874348422496575
4.655474999999999
0.09950243530636525
0.13862772753171923
0.46670360110803333
1.7496000000000003
0.11585090157907635
0.5868649295979097
2.5113365650969532
0.12328282331592738
0.5270194302410518
0.8750182615047479
0.11162855645801942
0.09820631402733777
2.5113365650969532
0.45164930555555544
0.12379397808148242
0.18704130092238852
0.09587690189605584
0.24502346090790889
0.09791199000000002
0.0965970398639948
0.09396923272460682
0.15859181641707534
0.2809105397014136
5.1425
0.09478714521469157
0.10160184698954908
0.09960355545804621
0.18016483013339035
0.21779891964821596
0.07360883424279492
0.14716182938549383
3.763584
2.577326515704894
0.10001009973488195
0.10266569316438785
0.04892614647674021
13.612499999999999
3.763584
8.8209
0.10124989172153667
9.680000000000001
5.1425
0.10145951837633226
0.09883659290832424
0.05831462745787771
0.30165171086724585
2.332183224271267
3.2631153388822827
0.09794799000000001
0.10262815948736205
0.09909999959022442
0.09930080971326771
4.252499999999999
0.09950243530636525
6.067822222222222
1.6893074792243767
0.10595663265306124
2.88
4.252499999999999
0.33223344439816743
0.1476050858909523
0.09957539121885121
5.426159169550174
5.426159169550174
0.17074860886488855
0.2474984137157507
2.7202775510204082
0.0980459338217096
0.09584166918784778
0.17533038501560877
0.11612542900925771
0.16067169793006386
0.18994114431143372
0.0759178474851271
0.2239764569118548
0.1368852071005917
2.7978633217993085
0.11317536837181327
0.6853506248760167
0.4780860726643599
0.23447233580042445
0.2934404674945216
0.3333634637561299
0.10223749242724711
0.16696714580251373
0.5213148788927336
2.040950656405613
0.16611816523070094
0.2163565568956066
0.11317536837181327
2.5113365650969532
4.444897959183674
0.10055982232079232
0.10049352794214331
3.053798126951093
0.09991601904067185
0.15415646351292703
0.2730062263974283
13.612499999999999
0.11150156184328638
0.6667897354100206
0.07750735434024994
0.17408470637403275
0.6578428597516436
0.1332594011754362
0.3603259759534865
4.076030245746692
0.049878899141374104
5.426159169550174
1.7496000000000003
0.10550041570674792
0.09771675212449353
3.913593750000001
0.06801969293241787
0.17619439340613838
0.1570669030142041
0.27530680420551473
3.9083159722222223
8.8209
0.1917996539792388
0.2158800052629271
7.486874999999999
1.5553095733610822
0.050107348853029476
0.09552622486615112
0.05070992440291779
3.2631153388822827
0.10145951837633226
8.1
1.6606926278240193
0.10188138656294768
0.11751781625014954
0.3475487899089424
0.11409763313609465
4.886925207756232
4.076030245746692
0.10093707088957381
18.376875
1.2404289940828401
0.10497391695931828
0.09940152026591771
1.4407083983069728
0.10538697466284917
2.0843336483931947
0.8750182615047479
0.1143639045986549
8.8209
0.04954420005295868
2.88
0.21926064268334367
0.1856243316326347
0.09834094409767588
4.886925207756232
2.7202775510204082
0.10426583919403078
0.09515524993837603
8.8209
3.0596253902185224
0.4623009366366434
0.13981426530612243
0.047845983056408976
0.4001308452029025
0.13444419076802316
2.38899375
0.10198740234375002
1.419850778546713
0.06031382328496203
0.07330586768080606
10.719843749999999
0.10011225488351087
8.8209
2.7978633217993085
0.10031719253896801
0.3563952528104854
0.13640980827274776
6.959289940828402
0.1529013427734375
0.29520814888509594
9.680000000000001
0.10031719253896801
6.959289940828402
2.332183224271267
0.10252080809188345
0.09176958231480499
0.10284353815055435
2.6468749999999996
0.10001009973488195
0.06871250176174871
0.10723181884163156
0.20208161157024787
0.6322959183673469
7.486874999999999
0.4579805594128149
0.11942146044021415
0.10393752481026122
0.32669634567845995
0.13966402184773735
3.763584
2.6468749999999996
0.10504811057488624
0.19255328135656272
0.18920778632865554
0.10031719253896801
0.07663013291013686
0.13385161918839023
5.426159169550174
0.10014897269583183
5.7427734375
2.226295294753921
0.11099645980841319
1.633030738293594
2.278010204081633
0.1633495447337103
0.3288888888888889
1.6606926278240193
5.1425
0.028070488743020244
0.06591705111640041
0.048576222763391165
2.38899375
0.10448815390976217
0.09590010369891439
4.252499999999999
0.39203367687617935
0.13112179194242385
0.10052297096163494
0.4083678507028939
0.12888211565096952
0.11291459632906695
0.7967757323300187
3.913593750000001
0.2891125135674522
0.14152700975642354
0.10104112950378133
5.7427734375
0.1279501730103806
0.4976975739275303
5.1425
10.719843749999999
6.959289940828402
0.04990324570525169
3.6246301775147933
2.9670996093749995
0.1038240357875016
13.612499999999999
2.278010204081633
5.426159169550174
0.11557766908416259
1.010302734375
2.332183224271267
0.1346288661549319
0.05159692797783934
0.29880818112953456
1.7813888888888887
0.21683521713265913
0.20083931711142688
1.2249286973241469
0.22953035112080938
0.19388452112537988
9.680000000000001
0.38434698369396736
0.13352836183134215
0.09237503559985759
0.18422866992243606
0.23061048193307226
1.9593835901707624
0.10202472873263886
0.12517220910381277
0.4579805594128149
0.5600386444708679
0.12312794588821643
5.426159169550174
0.09665671054183084
3.4955555555555553
0.13612473668226427
0.20993797085965857
0.12266563966306744
3.6246301775147933
0.10375205355860383
0.1279501730103806
0.433664
4.886925207756232
2.278010204081633
0.16986083984375
0.26221334157508497
12.001224489795918
2.278010204081633
0.10252080809188345
1.2893760000000003
0.2620569399621933
0.17983425470371975
1.4625000000000001
0.10360453514739229
3.763584
4.076030245746692
0.049827135049659056
1.7189253826530617
0.8672759885204082
0.11836939214450622
2.0399909461294703
0.10448815390976217
15.6816
4.655474999999999
6.0984
0.1458478903520559
0.3475487899089424
0.11226789359060685
0.7369484618916439
3.6246301775147933
6.500663265306122
0.2506633136094675
0.1388240832956089
0.11074562099465615
2.278010204081633
0.0999813723448563
0.3101551020408163
0.20083931711142688
0.06617822772096418
0.13707674702919456
6.500663265306122
0.0983048156481347
0.10011225488351087
0.049494181716151414
2.6468749999999996
0.393608058012487
0.13537266920335395
0.7000351948656903
0.1811638888888889
0.31821090939956925
4.252499999999999
10.719843749999999
0.11598800285258644
0.7368749999999998
0.09870080604513527
0.1447707319421589
0.29256454157553163
3.9083159722222214
0.09713568239795918
0.10273573593743289
0.09665671054183084
5.426159169550174
2.4486390532544378
0.1012931045522847
0.6950709183673467
0.20001957168128273
0.272247887586223
8.8209
1.8485613905325442
0.10595663265306124
6.959289940828402
2.577326515704894
0.10076651382749918
0.09850241286754734
4.252499999999999
0.10167001484845839
1.5803816178446652
0.05070355599706802
2.38099375
2.040950656405613
0.10782165140018242
6.938698224852071
2.6468749999999996
0.10252080809188345
1.8817301038062282
0.10295156683816138
1.8136845852616592
0.09880030262269607
0.2289940711570842
0.1816199861627903
0.09580635988679576
0.433664
0.12917601868547282
8.8209
1.2561713611064258
0.20547079125767956
0.2274001622498648
0.1580802325915216
0.25724231301939066
2.1768750000000003
0.1866850343802809
0.22390670737135343
3.4955555555555553
4.444897959183674
0.1428714156321594
0.34878558673469395
2.226295294753921
0.1458478903520559
0.3210530502553077
8.8209
0.10338596066721005
6.959289940828402
6.500663265306122
0.04907306879197113
6.0984
0.04951917825393003
0.09870080604513527
2.575485756026297
0.10504811057488624
0.09364481462660264
0.12055332269649835
0.5078100585937498
0.10156465754721855
3.4955555555555553
2.1296
0.10349513250405624
4.076030245746692
0.05101260313968214
0.9245678004535147
0.05655508789849005
0.433664
5.1425
8.070578512396695
0.10723181884163156
0.8672759885204082
0.1266276950574784
0.4623009366366434
0.049444264271480666
0.1849238674818915
0.21260203213610587
2.332183224271267
0.13444419076802316
0.26488994646044023
0.028302047884083394
0.23089617079031677
0.10145951837633226
6.0984
0.09810800960638713
0.19760000000000005
0.20677122769064357
2.7978633217993085
0.09930080971326771
0.09870080604513527
0.09877324035835064
0.10538697466284917
0.9423150155528327
0.3333634637561299
0.1416326513515721
5.7427734375
0.2158800052629271
0.18957375608436994
0.09860150966128459
9.680000000000001
6.500663265306122
0.09984303187681128
6.959289940828402
1.0768999999999997
0.3712446327111856
0.17723269139886577
1.180667757287329
2.88
6.0984
3.375344387755102
0.12160030863006827
0.77787136
8.1
9.680000000000001
0.11252568370986918
0.8235542947428899
7.486874999999999
0.10688100675044337
0.960792079207921
0.10052297096163494
0.09703950864420413
0.08991735537190083
0.10657127193891267
0.10156465754721855
2.332183224271267
0.10177559095958262
5.132376543209876
6.959289940828402
0.1422493366346674
0.057426977170059276
0.1588488520408163
0.09909999959022442
0.1818361064661904
0.21926064268334367
4.655474999999999
0.29082828443877545
0.1560664819944598
8.8209
1.9993359375
0.1169568736270089
0.8448952741020794
5.426159169550174
0.17983425470371975
0.22792899408284026
2.7181551020408166
0.26417596785975167
0.16253686493526562
4.655474999999999
4.444897959183674
4.655474999999999
0.12811742756503383
0.5667046376419687
4.444897959183674
4.886925207756232
0.8521952908587257
0.1169568736270089
13.612499999999999
0.2182839903539541
0.17194683732753482
0.21032091571279918
0.1903099592726612
3.4955555555555553
2.226295294753921
0.10360453514739229
4.886925207756232
9.680000000000001
0.24140246913580246
0.17194683732753482
12.001224489795918
2.0822542533081285
0.12406309184750394
0.6125382698469205
3.2631153388822827
2.1296
0.12630133610822059
0.5765092258674417
0.09513300970873788
0.47119092627599235
0.13120458351601752
0.34389047312041265
0.32134078514542935
0.20504093983624064
0.06278664940828403
0.2745356489079662
7.486874999999999
2.9670996093749995
0.15557103535781178
0.26488994646044023
0.1310291769487589
0.4152890900860117
0.10170723843475467
4.877950138504155
6.959289940828402
4.076030245746692
0.5051926226207416
0.1439203935986159
0.924538775510204
0.13862772753171923
0.2849103689789118
0.5213148788927336
0.1279501730103806
3.4955555555555553
1.3801408163265307
0.10877899999999999
0.09765532912727422
0.09726782433590486
2.278010204081633
0.10364238403180205
3.913593750000001
0.032801201142905946
8.8209
3.375344387755102
0.10404446848661915
1.8840830449826989
0.10595663265306124
3.6246301775147933
12.001224489795918
6.0984
1.6893074792243767
0.13050576
0.5665126419686317
0.13731687022615463
0.07657026569208134
12.001224489795918
1.420127595155709
0.17408470637403275
0.060649729221980475
0.13067976705923873
4.444897959183674
5.1425
0.10177559095958262
8.8209
0.09732860293507346
8.1
0.11751781625014954
0.6448638217622034
1.633030738293594
0.07458899783000739
0.15656509439999997
0.0014592672391051389
0.09781427363844948
0.16014662984402164
0.21890975881967284
0.05422086388421176
0.7153627811418686
0.15988538062283741
0.24757404262137478
0.11751781625014954
0.24214703215371045
0.13426002133821063
3.259738406658739
0.12070178692789194
0.583371938757216
3.1581
5.426159169550174
5.426159169550174
0.10561410123480061
4.655474999999999
1.10109375
0.12025748721694665
0.05147582612182165
0.45374018388318016
0.2745356489079662
0.061088779765051206
4.252499999999999
9.680000000000001
0.5537109374999999
0.12266563966306744
0.2135283938140005
0.1845756140975436
0.12310489318451553
0.393608058012487
0.0997048813469332
0.0669924498606747
0.18818043639053253
1.2098109375
0.06124992928763682
0.2866593854542015
3.1581
0.10349513250405624
8.8209
0.09903625420576799
1.633030738293594
0.10241368104549989
0.09628850629725841
0.05327844695179583
0.08555537842527791
0.18811830621301773
0.1888432268451573
0.2284602912918159
0.18633012244897956
1.8143538625845494
0.1047114186851211
2.5113365650969532
0.09556144199881025
0.1248533000572678
0.5940730963712075
5.1425
2.577326515704894
0.36570382527458656
0.14209280819681455
6.500663265306122
0.09874592439118138
0.09838599046889915
0.0961824390827579
0.10104112950378133
5.1425
3.4955555555555553
0.10305982271468143
3.763584
15.6816
13.612499999999999
0.09930931901959517
0.15458951955257075
0.27538774052767306
0.3288888888888889
0.25724231301939066
0.29880818112953456
0.13921846829984882
0.34632073336351293
0.04893159038763433
3.615754437869823
0.10041997633136096
5.7427734375
0.23616729678638942
0.16956696472821534
3.2631153388822827
0.050107348853029476
1.3065613586559532
0.10497391695931828
3.375344387755102
0.0842733683689763
0.12114938180080384
0.09509802054859083
0.04919821860415449
1.420127595155709
0.10426583919403078
0.6012654320987654
0.2258282885929308
0.2507395792241946
4.655474999999999
0.08229213332391781
0.1725522801713278
0.36707346373452426
0.1006261770791853
3.913593750000001
0.16927410471617918
0.27149375000000003
4.076030245746692
0.19760000000000005
0.06609471515567075
4.252499999999999
0.2916938293606593
0.1490026387180325
13.612499999999999
2.4486390532544378
0.10426583919403078
1.4843171597633136
0.10220009719274237
1.9993359375
0.045671005917159765
0.2545697021484375
0.21877122652132786
0.1102473292549306
1.256326530612245
0.09890000000000002
2.7202775510204082
0.09834094409767588
1.5074780273437502
0.10782165140018242
0.09666792129127129
0.09723204697208909
2.5113365650969532
0.10360453514739229
0.10230677764565992
2.040950656405613
0.5270194302410518
0.11879982503063438
4.076030245746692
0.32778895094815547
0.27843523997370156
0.4152890900860117
1.180667757287329
1.7496000000000003
0.09665671054183084
0.1725522801713278
0.27149375000000003
1.6062749999999997
0.1047114186851211
7.486874999999999
0.27530680420551473
0.0599449316767767
1.5074780273437502
0.10386195542530831
4.647475
0.23616729678638942
0.15445215396710088
0.10072959533607681
0.36984375000000014
0.17074860886488855
0.3712446327111856
0.11476565023247375
2.128513580246914
0.06087575288319547
0.24812498389548812
0.20677122769064357
0.20333937007533678
1.4843171597633136
0.05013297919706997
4.252499999999999
0.26999793962333263
0.16014662984402164
1.633030738293594
0.10723181884163156
0.09314558364296144
2.577326515704894
0.10538865764828302
4.655474999999999
0.10004678430910197
0.3356467212243597
0.217316
0.2899678609479699
0.05021002779265768
0.09742535085765203
0.10170723843475464
1.34234375
0.10538697466284917
4.252499999999999
0.09714641565847904
0.8909250063126001
0.20720837223498995
0.23294620181405895
0.4475248295598014
0.13085423875432523
1.9993359375
0.10135459665907952
3.375344387755102
0.17164570637119114
0.2506633136094675
5.1425
8.8209
0.09890000000000002
7.486874999999999
0.18353867977992813
0.2122098051486676
0.09478714521469157
0.20590244875346259
0.21168367346938774
0.09463907209036385
2.577326515704894
0.050729800059590845
2.1296
0.10156465754721855
2.6468749999999996
0.17377604749991324
0.22538007814988642
0.10262815948736205
15.6816
0.5939779149315884
0.26999793962333263
0.13528103156191812
0.05580404769070315
4.655474999999999
2.7202775510204082
0.2656077947778828
0.17261038480321256
0.2373109506079743
0.037770627867997245
0.657755204528853
0.11343734768767226
0.1006261770791853
3.375344387755102
0.16417039209945497
0.25656891313782626
5.7427734375
0.10011225488351087
0.09743579279788468
5.426159169550174
0.0826003273150215
0.122359359375
1.8840830449826989
0.20376210937499997
0.20910964095258963
0.09814407371857943
8.040495867768595
2.1296
0.09791199000000002
0.10066306197444042
3.375344387755102
0.1038240357875016
0.09781427363844948
3.375344387755102
0.10104112950378133
13.612499999999999
2.0843336483931947
0.19217572882612002
0.21260203213610587
5.1425
0.3967950624628197
0.1359359375
1.9593835901707624
0.10104112950378133
5.7427734375
0.10097405675417152
3.763584
0.1002146189377169
15.6816
0.04239186057463028
0.26417596785975167
0.0749311487962235
0.060546307533188536
0.250815318869165
0.583371938757216
0.1185550862114452
4.655474999999999
1.180667757287329
0.15148340825657294
0.3576959304431832
5.1425
0.1633495447337103
0.07246842879241766
0.09678774664500302
0.07968287407452525
0.12565363909162366
0.3288888888888889
0.16280685823128951
0.7779302400000001
0.049928667620570646
0.1108708985249247
0.8236060040218328
1.5553095733610822
0.10262815948736205
2.6448996913580243
0.10072959533607681
3.2631153388822827
0.09930080971326771
0.13862772753171923
0.31514141519250777
0.1917996539792388
0.2158800052629271
0.145631178252551
0.31213057191560584
3.6246301775147933
0.09980641360154868
2.0843336483931947
0.14349895941727364
0.3391308593749999
3.2631153388822827
0.04989717926754909
0.07122816
0.06114158565837648
0.11836939214450622
0.08340400905387053
0.23170082657622246
0.06197740903351698
10.719843749999999
0.09890000000000002
0.7313765617050144
0.05224412159999999
2.7202775510204082
0.09512235405023738
0.050158635774809404
0.10124989172153667
8.8209
5.1425
3.1581
0.21260203213610587
0.06560238020788237
0.11409763313609465
0.6667897354100206
1.9209960000000001
0.11952421205168459
0.7206222222222222
1.4846485207100593
0.10569099844180752
0.0980099017936856
8.8209
2.7978633217993085
0.10101095759379317
1.9993359375
0.10516082287966348
2.38594375
0.4827960494069208
0.05573035095073465
6.500663265306122
7.486874999999999
2.1296
0.10550041570674792
0.26346582776934196
0.1424560935146164
0.17224902673080741
0.2545697021484375
8.8209
1.0888625173589193
0.0696852394432315
0.18824227071005917
0.049801816396572954
0.0930229101675762
0.12281935551920707
0.5475246181037747
0.583371938757216
0.12281935551920707
4.639275
0.33223344439816743
0.12597665508862418
0.10298920500972465
6.959289940828402
0.10196101546933146
1.5310204081632657
0.033440872118314084
18.376875
12.001224489795918
1.9993359375
0.1002146189377169
0.04940018905019443
0.09923672381280864
0.4623009366366434
0.12679150782571344
18.376875
15.6816
0.924538775510204
0.10676457891588544
0.1154415355776077
0.5328430230822062
0.13033221572302175
0.45604790811424567
0.10052297096163494
9.680000000000001
2.9670996093749995
0.10072959533607681
3.913593750000001
0.1382366776788279
0.31821090939956925
0.10241368104549989
2.1296
0.5568568163265307
0.06133289209691465
1.0537464555765594
0.9333422707100592
0.2760823039356507
0.14940513956063164
0.5698060941828256
0.1108708985249247
0.10607130406407106
3.375344387755102
0.3512857771336887
0.14102128993679877
6.959289940828402
0.8236060040218328
0.11317536837181327
0.09785024166642549
0.09682328852192659
5.7427734375
0.16696714580251373
0.21779891964821596
0.10305982271468143
8.1
2.38899375
0.05065114924889502
18.376875
13.612499999999999
0.7481236686390531
0.10599523762673112
0.1856243316326347
0.21926064268334367
5.426159169550174
0.10338596066721005
0.09580635988679576
5.7427734375
7.486874999999999
0.10230677764565992
0.09798390999999998
6.500663265306122
0.11269575626919293
0.6533705688932931
0.09627692066724097
0.09909999959022442
0.1686914090368609
0.06983413508066667
2.7202775510204082
0.1168174736986005
0.560136411679218
0.10316830649754996
8.1
0.06046265432098764
0.23904735146250922
0.07243898476068765
0.16173223140495865
0.09369972299168977
0.050546660084923666
5.1425
0.027892707495151898
0.20633592373017146
0.09950243530636525
2.5113365650969532
2.226295294753921
0.1038240357875016
4.444897959183674
0.10188138656294768
3.6246301775147933
8.8209
0.7259595678324795
0.11709660664819946
0.122359359375
0.502602029971304
4.239442148760331
0.055655859375
0.38892239805717355
0.10688100675044337
1.6893074792243767
3.763584
0.10145951837633226
6.959289940828402
0.2431994876364446
0.16472222222222221
2.577326515704894
0.17884976721956894
0.16811271123392496
0.11265502323345616
0.10167001484845839
4.076030245746692
6.959289940828402
0.10167001484845839
0.10699768879333509
0.5975994580149799
0.10382755269678252
2.9670996093749995
0.16120022038328236
0.2926484456237226
1.5310204081632657
0.10459966715976331
5.426159169550174
12.001224489795918
0.8099993055555557
0.10641681238185255
0.1324457034246989
0.0621971345242083
0.10160184698954908
0.14006303712026788
8.8209
0.2745356489079662
0.16014662984402164
0.09980641360154868
1.633030738293594
0.09981438811022021
2.4486390532544378
0.10011225488351087
0.636401384083045
0.11640126060222178
0.10338596066721005
4.886925207756232
0.12437797177449955
0.40013084520290243
0.05018431862654528
0.09707522289483841
0.09713568239795918
0.30156635802469134
0.09019895777160512
0.16668318972397397
0.11723667395747427
0.5078100585937498
0.09923672381280864
0.050729800059590845
2.226295294753921
0.16730875885747679
0.22427799638077606
1.8840830449826989
0.10338596066721005
0.8750182615047479
0.11213944096078221
0.09688338269148174
0.26999793962333263
0.15507872443559262
8.1
0.09653741658375595
5.7427734375
0.3345011962844811
0.14855114545651318
4.655474999999999
1.6893074792243767
0.17194683732753482
0.07183093829247675
6.0984
2.7202775510204082
0.1422493366346674
0.3643443695700601
0.20808822996831144
0.06391614955859119
0.09840351506275094
2.6468749999999996
0.48759975000000005
0.30917671446883516
0.22953035112080938
2.4486390532544378
0.4757653777513385
0.12190279602176769
0.24812498389548812
0.1634051744560355
0.13280463354867458
0.40167352537722906
0.04899399375774381
5.1425
0.17627640613586557
0.1795048901607609
0.07464580583544023
0.14872499792130522
0.05101348123333949
0.20897559171597635
0.18016483013339035
4.076030245746692
0.9607881580237231
0.19293232029690835
0.27384946135316873
0.14940513956063164
0.0670382722868503
0.13371052808384845
0.6087339843749999
0.03304639476667233
4.655474999999999
2.9670996093749995
2.9670996093749995
0.10618622394963323
1.8840830449826989
0.10298920500972465
0.1658370870439529
0.22486320517901973
0.10124989172153667
3.4955555555555553
6.0984
0.4475248295598014
0.054371136538627775
0.10448815390976217
3.763584
2.5113365650969532
0.10273573593743289
12.001224489795918
0.25859977324263034
0.16362224695473204
5.1425
3.763584
0.10220009719274237
2.575485756026297
0.11585090157907635
0.8305325443786984
1.6325596093076704
0.10426583919403078
4.886925207756232
0.09637158805567611
1.7189253826530617
0.10599592111029951
2.577326515704894
0.10093707088957381
15.6816
4.655474999999999
0.24875473457257732
0.1649995307821151
0.4475248295598014
0.1286218251453496
2.278010204081633
0.1785239956843732
0.22074211843117675
0.1002146189377169
3.913593750000001
0.10209363899004112
15.6816
0.4066734375
0.053666010252300646
0.1298143411970815
0.5131271468144044
3.913593750000001
0.09950243530636525
0.0962885062972584
0.09890892910055281
8.1
5.7427734375
0.09940992351336561
0.0980099017936856
0.10014897269583183
4.252499999999999
0.07056664251332746
0.0615573075709052
0.09870080604513527
3.763584
0.10145951837633226
6.959289940828402
0.09980641360154868
0.09810800960638713
1.4846485207100593
0.23115436849253052
0.19142504815775063
7.486874999999999
2.9670996093749995
2.9670996093749995
0.08570494523705097
0.277646484375
0.2202460737764792
4.252499999999999
0.1406166394173603
0.3630884039745167
6.959289940828402
0.13138046033962436
0.3784113034072472
0.04785165548324584
0.18016483013339035
0.2173851358024692
0.10273573593743289
3.913593750000001
6.500663265306122
0.10338596066721005
2.7202775510204082
6.959289940828402
0.08184192031177916
0.14349895941727364
1.34234375
2.88
0.10104112950378133
5.426159169550174
4.252499999999999
0.13555990592460157
0.404993026979563
0.3131277736686391
0.04382007134885205
0.2085309668532149
0.1082982100203618
0.6125382698469205
0.15656509439999997
0.30437592802864877
0.17408470637403275
0.2373109506079743
0.09556144199881025
0.10041997633136096
6.959289940828402
0.22124040253066068
0.17525078324762144
0.7153627811418686
0.11395558409951327
1.6893074792243767
0.10550041570674792
8.8209
6.500663265306122
4.252499999999999
0.15507872443559262
0.27686218491441233
2.1296
0.10527377731529655
2.9670996093749995
0.10041997633136096
0.1849238674818915
0.2139946085449296
5.1425
2.88
0.09810800960638713
0.0667188254051927
0.20333937007533678
4.655474999999999
0.09761942487592058
4.444897959183674
0.3828456747404844
0.13138046033962436
0.09920030302750345
9.680000000000001
4.655474999999999
0.10031719253896801
0.22427799638077606
0.1623782139606005
0.1143639045986549
1.34234375
1.4846485207100593
0.10987654320987655
0.7967757323300187
0.10404446848661915
4.444897959183674
0.10198740234375002
4.076030245746692
0.1168174736986005
0.6448638217622034
1.2404289940828401
0.10504811057488624
3.6246301775147933
0.10252080809188345
0.06621975556645808
0.17080623399090547
0.10437687817385809
4.444897959183674
0.11423061369816012
0.7597210693359373
8.1
3.2631153388822827
0.12712040816326534
0.04460790555416633
13.612499999999999
13.612499999999999
4.444897959183674
1.2249286973241469
0.11137485585155334
2.38899375
0.09990815285297794
2.226295294753921
0.10353294610890854
2.88
0.10052297096163494
0.25523263503057486
0.03747991803302679
1.5310204081632657
0.11463142177053567
0.8167459925146531
0.4394978086194302
0.13138046033962436
2.964443359375
0.12205460475992067
0.44957760835864
0.16307775
0.2934404674945216
0.04827573830959256
0.5506004021832805
0.11802672376251995
0.09890000000000002
0.7778073600000001
0.11598800285258644
0.1439203935986159
0.3024971005185519
6.500663265306122
0.22538007814988636
0.17819940876108573
0.34632073336351293
0.13357548730757562
2.38899375
0.10213099977057263
6.483112244897959
0.1006261770791853
0.10641681238185255
0.9333422707100592
3.4955555555555553
0.2144628635734072
0.18225401113859677
4.444897959183674
0.09897256402407918
0.10230677764565992
15.6816
2.2739285714285713
0.27686218491441233
0.16286233980526083
8.1
0.1382366776788279
0.352549362040428
2.6468749999999996
0.0983048156481347
0.10114540289256199
0.09795766670891545
0.09675212665406427
0.20249913197793298
0.19641203367687615
1.5803816178446652
0.6125382698469205
0.12453601188741917
0.272247887586223
0.059544327934886045
0.15410339140678284
0.26713465615575266
0.85223838104032
0.24875473457257732
0.20376210937499997
15.6816
0.14229902565575983
0.31821090939956925
7.486874999999999
2.5096191135734065
6.500663265306122
0.6533705688932931
0.053336387188136804
0.10794039742344548
1.4615082644628097
0.1649995307821151
0.07402563746587071
1.113454881754525
2.278010204081633
0.10284817701652374
8.1
0.04949998736097391
0.1428714156321594
0.2182839903539541
0.22687377867259542
0.22687377867259542
0.09688338269148174
9.680000000000001
2.040950656405613
0.10266569316438785
5.1425
0.09519034491486447
0.164445844220041
0.11213944096078221
0.2104555902416464
0.09556144199881025
0.10114540289256199
2.7978633217993085
0.404993026979563
0.13033221572302175
3.0596253902185224
0.0997048813469332
2.5113365650969532
0.10607130406407106
4.252499999999999
6.500663265306122
4.655474999999999
6.0984
0.10273573593743289
2.88
9.680000000000001
0.12565363909162366
0.636401384083045
3.913593750000001
12.001224489795918
1.195061728395062
0.10338596066721005
0.10167001484845839
0.09433100003341238
3.913593750000001
0.10011225488351087
0.10156465754721855
2.7202775510204082
0.05003762755102041
0.0997048813469332
3.913593750000001
0.10083322638705783
2.226295294753921
0.04878545330629674
1.020824376731302
0.20461288317781548
0.23810645212850978
0.1006261770791853
0.0479032143518989
0.16014662984402164
0.07241286369727233
1.34234375
0.34030836843958284
0.1560664819944598
4.444897959183674
5.426159169550174
0.09648854430434822
0.970299
0.16417039209945497
0.07580041862761074
0.18920778632865554
0.2197522535033455
4.076030245746692
3.2631153388822827
0.17377604749991324
0.2540634845673807
3.2631153388822827
9.680000000000001
0.1333466912665474
0.17819940876108573
0.1441822744614904
0.39519513514399507
0.11946417311124329
0.10404446848661915
13.612499999999999
6.0984
0.09678774664500302
0.40167352537722906
0.30437592802864877
0.2474984137157507
2.9670996093749995
6.959289940828402
0.1422493366346674
0.07487315003784693
3.1581
0.10474962395264376
0.04916589537921689
1.3801408163265307
0.10107814914570466
0.09237503559985759
0.038785114617949576
0.3414940828402367
0.690411951109099
0.1005301775147929
0.10156465754721855
1.9209960000000001
0.10083322638705783
0.09791199000000002
0.09890000000000002
3.4955555555555553
0.16611816523070094
0.2493876900249896
7.486874999999999
4.252499999999999
0.1476050858909523
0.33796147076783084
2.9670996093749995
0.09785024166642549
3.0596253902185224
0.10188138656294768
0.0980099017936856
5.7427734375
0.10124989172153667
1.9593835901707624
0.11037148133696169
0.09534037653273969
3.763584
6.0984
1.55406087408949
0.10415503621548212
6.0984
0.09515524993837603
0.45164930555555544
0.1333466912665474
0.14827500000000002
0.2882621975095936
0.09640708312666624
3.375344387755102
0.09920030302750345
0.05275025380975621
0.6202912897074931
0.1047114186851211
5.426159169550174
5.1425
3.4955555555555553
0.1169568736270089
0.8596695120996163
0.20924222916210092
0.1849238674818915
7.486874999999999
0.09246218170437129
0.4066734375
0.2500238747784224
0.277646484375
0.10156465754721855
2.38899375
0.10746697577239278
0.09458262212847154
1.9593835901707624
4.444897959183674
0.10448815390976217
0.09590010369891439
0.2916938293606593
0.14482115034487592
2.9670996093749995
0.11952421205168459
0.6758984375000001
0.03442717572919516
0.7206222222222222
4.076030245746692
0.11751781625014954
0.7538777717685236
8.1
0.16067169793006386
0.2322498744647119
0.05798203494275411
0.34389047312041265
0.0980459338217096
8.1
2.9670996093749995
0.10213099977057263
10.719843749999999
0.14672122709260063
0.07498847937074497
0.09334277231663732
0.10209363899004112
0.09640708312666625
4.246053719008265
0.18016483013339035
0.20948942862776213
0.2500238747784224
0.056850328878115856
0.11099645980841319
0.23846573468173704
0.16708013488800103
0.7597210693359373
0.11908852362938886
1.3065613586559532
0.10527377731529655
6.959289940828402
3.4955555555555553
0.10209363899004112
0.16226776564936507
0.23061048193307226
0.35510400000000003
0.13804197890908948
0.09791199000000002
0.17983425470371975
0.2558990296318631
1.1805606781677573
1.5553095733610822
0.1279501730103806
0.5975994580149799
0.10542539693942696
1.020824376731302
5.426159169550174
0.6125382698469205
0.12251230809475548
1.3242109213736162
0.10794039742344548
3.913593750000001
1.5553095733610822
0.47119092627599235
0.12328282331592738
0.049344730839948114
0.167537970303997
0.24021913805697592
0.1333466912665474
0.0799428504789671
0.3629949834855793
0.34632073336351293
0.2202460737764792
5.122006172839506
0.09870080604513527
0.09775268823630183
4.252499999999999
2.7202775510204082
0.10430390112064927
2.278010204081633
0.10245597254569257
5.7427734375
0.09897256402407918
3.1581
0.10198740234375002
0.09608814275574683
0.2532541142044082
0.0872750865051903
0.2077807979588985
2.577326515704894
0.09641831248326145
4.886925207756232
0.10653248255602615
0.09665671054183084
2.278010204081633
1.166616344897663
0.11317536837181327
6.0984
1.7189253826530617
0.10508642404538673
0.09352090705330827
0.19485012142664407
0.21540554833200717
3.053798126951093
0.12251230809475548
0.08263906425252367
13.612499999999999
0.0997048813469332
0.5904
0.05332424970418445
2.6468749999999996
0.2419985173022253
0.17045165656982605
0.5000378698224852
0.1593654309329542
0.6012654320987654
5.426159169550174
0.0934317547782763
0.13426002133821063
0.37551168639053256
0.15507872443559262
0.13902099609375002
0.15833561127344709
9.680000000000001
3.2631153388822827
0.10001009973488195
3.2631153388822827
0.050546660084923666
0.11772793631258027
0.5078100585937498
9.680000000000001
0.09861074900104856
3.4955555555555553
0.10676457891588544
1.1665176368123091
6.500663265306122
0.10001009973488195
3.375344387755102
0.15458951955257075
0.07405358649716712
0.7424567332906008
0.11303672130362424
3.2631153388822827
0.4414774472267153
0.13339376266807237
2.278010204081633
0.19369489265758258
0.19880242415229027
0.10230677764565992
0.07439069374322928
0.1538614720541118
1.9593835901707624
5.426159169550174
7.486874999999999
10.719843749999999
0.10041997633136096
2.7202775510204082
0.04987179975266917
1.8840830449826989
0.10252581143537401
0.24380445395240077
0.15681559726331362
0.19961220324864637
0.21077321455112963
5.426159169550174
0.17377604749991324
0.22953035112080938
0.13669429402952468
0.3345011962844811
0.17015573534971645
0.23616729678638942
4.252499999999999
0.924538775510204
0.5698060941828256
0.22174094127446894
0.33931122202932096
0.10052297096163494
5.426159169550174
8.8209
6.959289940828402
0.10145951837633226
3.4955555555555553
0.10022215740148292
1.6893074792243767
0.10419306247170668
0.12281935551920707
0.45164930555555544
1.6606926278240193
0.10028803734616758
0.09850241286754734
0.07259996010552802
0.19485012142664407
0.9607881580237231
0.09694352514459367
0.13902099609375002
0.30532412109375
0.4579805594128149
0.2367377424971712
0.27772783768078513
0.09810800960638713
0.13765422207979489
0.34268808864265915
0.06407935751828699
0.19523826598300403
0.10001009973488195
8.1
0.09742535085765203
5.1425
0.10220009719274237
4.886925207756232
3.6246301775147933
3.4955555555555553
0.1062249024802255
6.500663265306122
0.7538777717685236
0.11226789359060685
12.001224489795918
0.09980641360154868
0.14694119795471144
0.29545896806345323
5.1425
2.577326515704894
0.10298920500972465
0.0964664417966949
0.12453601188741917
0.47366504854368924
3.763584
5.1425
0.10072959533607681
4.252499999999999
0.2076473690616252
0.19105190277099607
1.3801408163265307
0.11517022837370243
2.332183224271267
2.040950656405613
0.09990815285297794
1.780757887517147
0.2300691487889273
0.17316200172292273
0.10349513250405624
2.040950656405613
0.10156465754721855
0.09360661832217737
0.10516082287966348
0.924538775510204
0.11037148133696169
4.655474999999999
0.049146861346325836
3.763584
4.252499999999999
0.10316830649754996
1.9593835901707624
0.10262815948736205
0.3223978041368494
0.1439203935986159
2.8723966942148764
0.09723204697208909
0.10241368104549989
2.6468749999999996
4.886925207756232
1.8143538625845494
0.11137485585155334
1.7189253826530617
0.10031719253896801
0.09980641360154868
6.959289940828402
5.7427734375
0.09950243530636525
2.4486390532544378
0.10025137004742654
0.6125382698469205
0.19068020929516777
0.08934359016196922
0.4558505109616561
2.88
0.14519968037052366
0.3345011962844811
10.719843749999999
1.5074780273437502
0.13444419076802316
0.45374018388318016
0.2997219503933155
0.14091705398271312
0.27843523997370156
0.059042147222612806
0.22792899408284026
0.06282582411006604
4.076030245746692
0.09990815285297794
0.2627594953173777
0.03797383826403452
4.444897959183674
1.031567451335446
0.1538614720541118
0.36060211598425945
1.8840830449826989
0.11530572238384797
0.17917672986354302
0.18527343749999997
4.655474999999999
0.12745101928710936
0.45374018388318016
0.246875
0.15962498236948763
0.053763011780639365
0.5765092258674417
0.16362224695473204
0.07297836603063694
1.0767222222222221
5.1425
0.10273573593743289
4.076030245746692
0.09810800960638713
6.959289940828402
0.2620569399621933
0.06077137516820285
2.7202775510204082
0.1002146189377169
4.076030245746692
0.28741686851211073
0.1500684084998206
0.08287960839553253
0.11737707675586148
0.10262815948736205
5.132376543209876
0.10011225488351087
0.7538777717685236
0.11317536837181327
0.09860150966128459
6.083288888888888
1.8840830449826989
0.15962498236948763
0.29520814888509594
6.500663265306122
4.444897959183674
0.30532412109375
0.25260140616549487
0.3967950624628197
0.09665671054183084
0.0997048813469332
2.577326515704894
12.001224489795918
5.426159169550174
0.09736441193791524
0.10349513250405624
3.763584
4.076030245746692
8.1
0.1038240357875016
3.1581
