3.9083159722222223
0.032725406093115035
0.0004706263892577732
0.09791199000000002
0.0012933886916516853
0.0968477313351355
3.6246301775147933
0.0013694567800933562
7.486874999999999
0.04962675216174678
6.959289940828402
0.11884297520661159
8.8209
0.09990815285297794
0.0004973197463106127
0.04940198965771478
0.1089
3.913593750000001
0.10167001484845839
0.09703950864420413
3.2631153388822827
0.0003249059381126712
0.09607603691719724
0.016472219270477963
2.226295294753921
0.024821547327477742
0.04912223918191469
0.03259998668003963
0.03286006938704368
0.09364481462660264
0.0497081199333424
0.03283477312579665
0.0983048156481347
0.04880438157727656
0.09883659290832425
0.03273046820594368
4.415147392290249
0.04927034334895217
0.0005227561870918515
0.04881245761243533
0.04946921040138764
0.0969792079207921
2.1768750000000003
0.033193664856162805
8.8209
4.252499999999999
0.10077320965133632
0.09759395684195489
0.09778854466715273
0.03260198121433538
0.10076651382749918
6.083288888888888
0.049319910064640086
0.024437622393890572
0.09835021614492426
0.0994380066479425
0.0968477313351355
0.09772689906352726
0.09647784076818154
0.019735761054028845
0.09863773504156484
0.00025751690478799166
0.049384515792110506
0.057474999999999984
0.00034378354210976226
0.048080028769608096
0.09984303187681128
0.0006537007842056307
0.05289930555555555
0.09913638766411513
5.414671280276817
0.049276005631373763
0.04920179481700803
0.09769115385647642
0.09794799000000001
0.04937530231773543
0.0956546688079834
0.0012605273903069094
0.04887194100649198
0.0004041415714515515
5.414671280276817
0.09977796881546035
7.462430555555556
0.10072959533607681
0.0954456168361731
0.0006510614084687925
4.4228571428571435
0.04930079234196916
4.444897959183674
0.032847122769156675
0.09950243530636525
0.000699055548905203
5.1425
0.04919055127466958
0.09904480155086216
0.02442412627516068
0.0012838309590178392
0.0006263628997305294
13.612499999999999
0.09890000000000002
6.500663265306122
0.001288222267243246
0.04963989373502869
0.03482686980609418
0.01972820903973725
0.09752229131283632
0.06698961937716265
0.09940152026591771
0.09515524993837603
0.04986664555047112
0.09899989878552859
0.04850419128459351
5.414671280276817
6.051999999999999
7.486874999999999
0.01649486623365288
0.09834094409767588
0.0327812317535598
0.04892614647674021
0.0708984375
0.0012003956416307298
0.0012417443648249666
0.03276129433987244
0.04905078695035291
0.0004026621849961259
8.040495867768595
0.1003906774892502
0.09718189417148539
0.09923672381280864
0.09775268823630183
0.03262649438473614
5.426159169550174
0.03297052034466837
4.647475
0.03299079931314046
5.414671280276817
0.09765532912727422
3.7587840000000003
0.03303526069087794
0.0012003956416307298
0.09673849149383967
0.03293921373709418
0.04907860560800962
0.09694352514459367
10.719843749999999
0.04893159038763433
0.019645201826498686
0.0495029598563534
0.0012717127862781027
0.024550701109594272
0.09834094409767588
0.08755555555555555
0.048901744913366865
0.03295944184732717
0.06694444444444445
0.10052297096163494
0.04794525095645313
0.10177559095958262
0.00032271138555317537
0.09792193820165845
2.5113365650969532
0.10093707088957381
0.00026609643457222825
0.0013152845895936
0.09870080604513527
0.04854166238635151
0.024636442216998095
0.09899989878552859
0.09243055555555556
0.09838599046889915
6.938698224852071
0.0006077346531653239
0.049475000000000005
0.04879900081291729
0.097939700340653
3.8610937499999998
0.0013624424717817792
0.09870080604513527
4.4228571428571435
4.655474999999999
0.0012397527942143332
0.0991808579920071
0.0969792079207921
0.1002146189377169
0.09736441193791524
6.483112244897959
3.4955555555555553
0.09860150966128459
0.019759728266550668
5.1425
0.00048365465791960034
0.04945003785329638
0.03258034153778864
0.0007786492779982363
0.0985747179252578
0.09950243530636525
4.886925207756232
0.09960355545804621
0.000360337354600034
0.10093707088957381
0.03259512353206908
0.09980641360154868
0.0011921170671739627
0.0012466982203258154
0.024503620878216566
0.019712013070304193
0.057474999999999984
0.0992089179465325
0.06031746031746031
0.08964285714285714
0.032878225079951355
0.04925327565281205
0.09713568239795918
0.03295753173999816
0.0006388099581955575
0.09528284871837575
0.00042191982988664436
0.049239937327214045
0.0011968336437604159
0.04360969387755102
0.09842168431070543
0.0003453434113513624
4.886925207756232
0.0998795670231857
3.763584
0.04919617979951935
0.000671314387233998
6.0984
0.09960355545804621
0.0012104797638363076
0.10124989172153667
0.04860555383356492
0.032858626860997074
0.04922857698885386
0.0967278099416373
0.09814407371857944
4.239442148760331
0.09909999959022442
0.09808188568949329
0.09863773504156484
0.032746404628027685
0.09593544382847569
0.09543321021852878
0.001407921379824638
0.03277419447024681
0.06348765432098766
0.04981508764211118
0.04904852049246443
0.09791199000000002
0.024463324694636895
2.038995020371208
0.10305982271468143
0.0012843744543737403
0.019700099597993577
0.048755845152347724
0.001219756822502421
0.09771675212449353
0.001260528852998818
0.10025137004742654
0.0708984375
5.122006172839506
0.0012372175177495918
0.09491390804338681
0.049438477182119626
0.049476683936506186
0.04868851256279421
0.09771675212449353
0.049080903633407495
0.09834094409767588
0.09953895457399697
0.04315500685871057
5.644335937499999
0.02471711318272165
13.508055555555556
0.03274138882996643
0.09940152026591771
0.09767457241157398
0.03277027561006881
4.232665289256198
4.430385487528345
0.0013582682710777186
0.0013062420632929468
0.10135459665907952
0.057474999999999984
0.09791199000000002
0.02452451297442309
0.0006295173498975311
0.09742535085765203
0.0006192262698154666
0.10041997633136096
3.1581
0.033013015032057426
0.00033157259321955624
5.132376543209876
0.04969486348431799
0.04919821860415449
0.019594159142013134
0.0012160791712042883
0.09752229131283632
0.04718112244897959
0.0012246950991049808
0.1
8.8209
0.0012499986632288477
0.0006019899005991208
0.0006606437194500032
0.1006261770791853
0.0002804849832389086
0.04985965947022671
0.0945388252196866
0.09995238792926979
0.032994652267915855
6.0984
0.09621787201685958
0.04920179481700803
8.1
0.10014897269583183
4.886925207756232
5.426159169550174
0.00038654290974892753
0.09675212665406427
6.035822222222223
0.0013280075855844201
0.09572493553161622
0.0015821633552289287
0.048850100245043444
0.1002146189377169
0.001194470699432892
0.02447553791219154
0.09851175475366784
10.662343749999998
0.02450862562346706
0.09775268823630183
0.04963862457939434
8.8209
0.09746119155466447
0.00040360235666653195
8.1
0.04961941740105752
12.001224489795918
4.252499999999999
0.04927034334895217
6.083288888888888
0.09974146656103135
4.655474999999999
0.09960355545804621
6.0984
0.09788612985416185
0.09843967576576348
0.09980641360154868
0.04896953446154245
0.032418955095146876
0.09913638766411513
0.09835021614492426
0.04928371758288933
0.00028860746904538415
3.491550068587105
0.032884022984643456
0.0006842932292482741
0.04937530231773543
0.0012392821712018138
0.032690787955523215
0.09765532912727422
0.09794799000000001
0.09998867368897948
2.7978633217993085
0.09960355545804621
0.09861926719022245
3.6111390532544374
0.0006504048914004032
0.0006298345432817378
0.0006019899005991208
0.024414460253987007
0.016459342307768327
4.252499999999999
0.032576330283330214
0.10135459665907952
0.04865377165058586
0.01950447683919733
0.10209363899004112
0.04865377165058586
0.0012542035612328833
0.05993801652892563
0.0012397527942143332
0.04904298572497854
8.1
0.001218528469693028
0.09853860588075739
4.252499999999999
5.7296484375
0.10232021484375002
0.0525
0.0012454560545681003
0.032733069952740994
0.09974146656103135
0.0968477313351355
4.239442148760331
0.033238172342637665
6.500663265306122
0.11950617283950618
0.0012504396288180075
0.1
0.03294453409033863
6.959289940828402
0.10001009973488195
0.09552622486615112
0.008949731040129954
5.426159169550174
0.0013012164984354654
0.032930060582856635
0.00046921686263327075
0.07185595567867037
0.0012895099999999998
0.032978047882817406
0.04902399674074156
0.048901744913366865
0.048634925404380296
0.03276519965106007
0.03302755783301827
3.913593750000001
0.1089
0.01971620652120532
0.049226506906391264
0.0011862733673548987
0.09909999959022442
0.032807065916488624
0.09478714521469157
0.0004857610217474866
0.04886104734448659
5.426159169550174
0.10262815948736205
9.680000000000001
0.01960199774598563
0.001194470699432892
0.04921523191158206
0.001242979134179847
0.03273437261125499
0.0012479428663244845
0.09769115385647642
0.019724073866456096
6.0984
0.04921523191158206
6.083288888888888
0.09742535085765203
0.024647812424584435
0.032449067021618025
0.09873706384950574
0.09724268353174602
4.655474999999999
0.10198740234375002
6.874082840236686
0.0006273059103885422
0.02459322173329376
0.03247514553756753
0.09930080971326771
0.09775268823630184
0.09633136094674555
0.0012331691953274757
0.03283135301897857
0.09994480424822988
0.04869675183349129
0.11950617283950618
0.02467719687423201
0.09656148244109097
0.09947441057486663
0.09791199000000002
0.0012692103509207022
0.04925124383202638
5.7024609375000015
0.04883406858189141
0.0012397527942143332
0.0985747179252578
2.326281975014872
0.05031920848544666
0.09531789845417797
3.48320987654321
0.04999280981692727
0.01230084795273773
0.0012099987875763656
0.03261479343495106
0.04907860560800962
0.060332409972299154
0.06348765432098766
8.8209
0.0006362462201500741
0.03281996957528439
6.067822222222222
0.04906195468920052
0.09756823840994036
0.10052297096163494
0.019601972588290967
0.0749609375
0.09665671054183084
0.001362442471781779
3.1581
0.0006170319658475637
0.032637359015819344
0.04872895960199251
0.04919617979951935
0.049111062688173474
0.024515869375
0.0006629488404179287
0.09520276180601375
0.04991648813054535
4.83983379501385
2.7014693877551017
0.0006160894531512553
4.437732426303855
8.8209
0.10097405675417152
0.04961941740105753
0.036630859375000005
0.03307056297614952
0.09723204697208909
0.02454761460269905
0.0012704603363342956
0.000332484375
0.00045635243836997854
0.0006891120364035317
0.032682889405949586
0.09850241286754734
0.09713568239795918
0.0980099017936856
0.09792193820165845
0.1
2.430230111768573
6.959289940828402
0.0013417078064195322
5.1425
0.0003064556906899972
0.0013509972806741125
0.032960848736624505
0.00032279213648082514
0.09675212665406427
0.0003331506449773295
0.048736934729338384
0.09861926719022246
0.04929511424684932
0.0957480776930214
0.049105454303151996
0.1
0.09971296371996373
0.032882100337324645
0.03281284127827387
0.0002274966879440502
0.049482529954250204
0.09761942487592058
0.0489750227335108
0.0012319538298145491
0.09953895457399697
0.0011886039588548266
8.1
0.00027515202331414757
0.0012592983245849607
0.0004855983426115799
0.09850241286754734
4.886925207756232
0.0004144964773616827
0.09880030262269607
3.151788888888889
0.099611745240928
5.1113888888888885
0.06694444444444445
0.032752316743821785
0.10066306197444042
0.09974146656103135
0.048352232916800256
0.0014271152616827025
0.019609835281493994
0.09960355545804621
0.016371531443655156
0.0011921170671739627
0.10001009973488195
0.0005069308030763947
0.024607568629524408
0.10011225488351087
2.5716289262235206
0.04984644604254006
0.09338391295233414
0.050364837662981346
4.070207939508507
0.0012148582106512459
0.0006877283229302754
3.4955555555555553
0.0012759679521222483
0.09820631402733777
0.04911874146177641
0.09837699190335639
4.886925207756232
0.0996765770902908
0.09880030262269607
0.024450915572967243
0.09930080971326771
3.375344387755102
0.04951480931335412
0.0003141060345706911
0.0983048156481347
4.886925207756232
0.00122967352417341
0.01966442666306715
0.03289119746858249
0.09752229131283632
2.38899375
0.10083322638705783
7.486874999999999
0.09701481227330652
0.09960355545804621
0.02464003397820097
0.04877473577386698
3.4955555555555553
0.10072959533607681
0.049037437499999996
0.09883659290832425
0.0983048156481347
4.886925207756232
0.024631257695964977
0.0946173562558698
0.02465400995004231
0.0007249975000000001
3.1581
0.0013171598460416448
0.09940152026591771
0.04921523191158206
0.02442067425197658
0.00047078352624435263
0.014069999417692452
0.1002146189377169
2.5113365650969532
5.089413580246914
0.10368014333305339
0.09641831248326146
0.024516962016184588
0.0993372632679007
0.09870080604513527
3.9083159722222214
0.10083322638705783
0.01962549621649355
4.886925207756232
0.057474999999999984
0.09860150966128459
0.0012851508916323733
0.024367182985279557
0.03307984207065451
6.500663265306122
0.019566794156198577
0.09990815285297794
0.032564692243896014
9.680000000000001
0.0012384838585057783
0.09863773504156483
0.09781427363844948
5.426159169550174
0.024502498467827757
10.543593750000001
0.09835021614492424
0.04898294595052005
6.917633136094675
0.10132398092587976
8.1
0.09641831248326145
0.000457724667502935
0.0007085401883790814
0.07418282548476456
0.10052297096163494
0.014005061020408164
0.09608814275574683
0.00024263693551537693
0.09765532912727422
0.09798390999999998
5.426159169550174
0.00024907805999073787
0.04888211307228443
0.07973333333333335
6.500663265306122
0.04932560400142387
9.680000000000001
0.0992089179465325
0.06348765432098766
0.04934921263057392
4.076030245746692
0.10273573593743289
0.0006609720405202977
0.10052297096163494
3.6202514792899403
0.04897184470245831
7.486874999999999
0.0003445617113141626
7.486874999999999
0.049239937327214045
4.655474999999999
0.001227179262542194
0.00043399566886272774
4.188533057851239
0.09838599046889915
6.083288888888888
0.09994480424822988
0.09608814275574683
0.019727974319805604
7.462430555555556
0.049037437499999996
0.09863773504156484
0.09491390804338681
0.02500913489226175
0.027990702479338846
0.033089125192856686
4.886925207756232
0.0005076035347542038
0.00044598127553606903
0.024616871476642373
4.252499999999999
0.03275485974786674
0.09947441057486661
0.0966432963672984
0.09824241027998744
0.00033306721523497566
3.913593750000001
0.03295944184732717
6.500663265306122
0.09791199000000002
0.0006523784267687409
0.0490374375
0.05275754422476586
0.09880030262269607
4.252499999999999
0.10090704583275441
0.0006053024996968942
0.04936383739550468
0.0802551020408163
0.02464522179492095
0.09742535085765203
0.09568984031677245
5.426159169550174
0.016381413548569482
0.0497081199333424
0.06694444444444445
3.9083159722222223
6.500663265306122
0.049891099327286026
0.09960355545804621
0.04884760339310669
0.0012039789050967444
4.076030245746692
0.0002905225398504324
6.067822222222222
0.10191867862235945
0.00028194321143769634
0.0012754849963947518
0.02458193612401576
0.0006849775
0.001206379655857945
0.001295987475063761
0.048562661025989086
0.024626659369473024
0.03256953246849668
0.09920030302750345
2.0399909461294703
0.0012525866466213858
0.000620455717623113
0.0012529464018937457
0.09810800960638713
0.0014213608058012484
0.04921523191158206
0.0980459338217096
0.06653739612188364
0.09732860293507346
0.0246948586773118
3.7383040000000007
0.04972006318920131
0.04902399674074156
0.09607603691719724
0.04831597222222223
0.0012538846610767723
2.6428626543209877
0.10114540289256199
0.0004183892952487227
0.04892307417312947
3.4955555555555553
0.09960355545804621
0.02456244268756665
0.00050659510547783
0.04985247945923898
9.635061728395064
0.001206379655857945
0.09701481227330652
0.032693787185675484
0.09814407371857944
0.09771675212449353
0.04905404175366706
0.0001610930884359885
3.763584
0.09940152026591771
0.04932450823490668
4.83983379501385
0.0012798873790647674
0.048600280822449306
0.0012491899999999998
0.03305201690625744
0.0525
0.00032279213648082514
0.04848542638298206
0.09893632282420163
0.049801816396572954
0.02453998736029205
6.067822222222222
0.0012099987875763656
0.001219756822502421
0.09860150966128459
0.03266999636757878
0.09732860293507346
0.08591715976331361
7.486874999999999
2.6933387755102047
0.0003088311537603358
4.655474999999999
0.03321571674436288
4.886925207756232
0.04904852049246443
0.09920030302750345
8.040495867768595
0.04870208522892309
5.1113888888888885
0.10252080809188345
4.252499999999999
0.0012284251272390771
0.048871941006491997
0.09850241286754734
4.655474999999999
4.886925207756232
0.03285099721899339
8.8209
0.10111508358707123
8.040495867768595
0.11950617283950618
0.09899989878552859
0.03282512968535012
0.048950572404618364
0.012253290683330106
4.655474999999999
0.04938292366809357
0.09634777127089239
0.0007349188705404357
6.500663265306122
0.049801816396572954
0.04837946023909838
6.500663265306122
0.10198740234375002
0.09527221227259874
4.444897959183674
0.1038240357875016
0.0938033469929718
0.00824326779041833
0.001216369323304849
0.04907306879197113
0.04952071417734383
0.0003217455163397944
5.688398437499999
0.0004031988888888889
4.252499999999999
6.959289940828402
0.0003312765116691666
0.03305015288867415
6.500663265306122
3.1229888888888895
0.014105306755963219
0.0965970398639948
0.0012448546467538008
4.886925207756232
0.0491771075264915
0.09620510380622836
0.0012321779456981319
0.0980099017936856
0.0007239116362899484
0.02458193612401576
0.09974146656103136
0.024395113382663158
0.09877324035835065
6.938698224852071
0.032717584673985514
0.0994380066479425
3.3600382653061223
0.0012422984824590774
0.09665671054183084
0.03281803772301718
0.0004675055319463305
0.09883659290832424
0.0006065161381838595
0.0988533835539613
0.048950572404618364
4.252499999999999
0.10033130716248262
0.032695773549502614
7.411874999999999
0.049327520568759144
0.00036060619573649675
0.032827078258661095
0.0326719988888889
0.09570154907792984
0.0325634915729407
0.00040975274674833476
0.04315500685871057
0.032669039122261566
0.033027905315784103
0.09771675212449353
9.680000000000001
5.426159169550174
0.04962079589335062
0.09717142817775258
0.09960355545804621
12.001224489795918
6.500663265306122
0.000455745196234278
0.1002146189377169
15.6816
0.09840351506275094
0.019562903424207995
0.0012605273903069094
0.10031719253896801
0.0003411298778987636
0.09930931901959518
2.7159673469387755
0.04984644604254006
4.444897959183674
0.09899989878552859
12.001224489795918
0.001194470699432892
6.0984
0.10114540289256199
0.04912223918191469
0.00987410800157709
0.10028803734616758
0.0802551020408163
0.016375948152671054
6.938698224852071
0.024771481866075955
0.04831824206958685
0.0012605273903069094
0.0013062420632929468
0.03278319299814075
0.09877324035835065
0.09880030262269607
0.0012343869612085803
5.7427734375
0.09930080971326771
0.0004698422751674134
8.8209
0.0012321779456981319
0.09870080604513527
0.0005098022973792697
0.04858148074662035
7.486874999999999
0.024781285173388203
15.6816
0.09428837832840237
0.09861074900104856
0.001255185368499486
0.0960999134948097
0.09890000000000002
0.0006676076797148434
0.001251691760274055
0.00031205936399725053
2.706563265306123
0.04996120018612284
15.6816
0.0484323731138546
0.049438477182119626
5.7296484375
0.04989109932728603
0.06698961937716265
0.09913638766411513
0.09769115385647642
0.0492208761627222
0.09675212665406427
0.09243055555555556
0.10052297096163494
0.0012187412254610352
0.03283094554013764
0.049289422644049556
0.0007185307455890051
0.0997048813469332
3.4955555555555553
0.04924559733340067
5.132376543209876
0.10001009973488195
0.0006455229002776553
4.622275
0.1002146189377169
0.09781427363844948
0.09606469627066513
0.10072959533607681
2.9670996093749995
0.0004878858126724259
0.016345435930091468
0.0012015876905564625
0.03288016770869426
0.0013075262329967738
0.049600189713187
2.7202775510204082
0.10104112950378133
0.024637672582492404
0.001178187780475664
0.09808188568949329
0.03266111562723566
0.04954569673890858
4.252499999999999
0.09818005750980921
0.10045679421433268
0.09506295598077104
0.049321757026337724
0.09788612985416185
0.03269774999999999
0.0004325404697354708
0.0012015876905564625
0.09870080604513527
0.00019567978631296673
0.001218528469693028
8.8209
0.024623053450132795
0.024530648641634633
0.0012392821712018138
0.04837100175507153
0.019724187954556785
0.07418685121107267
0.09897256402407918
0.057687074829931975
0.10094382828069631
0.09243055555555556
0.09960355545804621
0.06276643990929703
0.04946340729532491
6.959289940828402
0.09860150966128459
0.0012920932044449618
0.0012003956416307298
4.4228571428571435
0.04942510088271742
6.959289940828402
0.001424232221201918
0.10035397700550924
6.896094674556213
4.655474999999999
0.0326719988888889
0.10167001484845839
0.00025756832199471264
10.719843749999999
2.1768750000000003
0.05027466403681787
0.048600280822449306
4.647475
0.10052297096163494
0.06587499999999999
0.1002146189377169
2.4486390532544378
0.05007556172580173
0.09820631402733777
5.078055555555555
0.0993372632679007
15.6816
0.0006702993910965142
0.04831597222222223
0.04893159038763433
0.0004709407681986105
0.014007943574295585
0.0006887655862902072
0.0013754112836889725
0.0012454560545681003
0.024631257695964984
0.0961824390827579
0.10008338541443866
5.132376543209876
0.03271955486446157
0.024586008113023965
0.0006646052286200728
0.0003314899518791581
0.09820631402733777
0.09850241286754734
5.7427734375
0.032805120951462374
0.09853860588075737
4.877950138504155
0.09890000000000002
0.09880030262269607
0.09742535085765203
0.024432844909936198
0.04925327565281205
3.615754437869823
0.0006520486729147008
0.03273546728757568
8.040495867768595
4.444897959183674
5.378546712802767
0.10349513250405624
3.6202514792899403
0.09991601904067185
0.0006442333889886336
4.886925207756232
0.09940152026591771
2.9670996093749995
0.05017180462825121
0.024382995100497663
0.0012682006751011362
0.049080903633407495
0.032772240010795275
0.09761942487592058
2.88
0.10041997633136096
0.032658175553970784
0.03279219522547321
0.0012392821712018138
0.0965019680166954
0.10167001484845839
0.024475279662055215
0.09688338269148174
0.049444264271480666
0.09587690189605584
0.09934549344107646
0.09899989878552859
0.0006590069945318694
0.0975581637593054
0.0327941533092471
5.426159169550174
0.04955003787870065
4.064234404536861
0.049770539347700433
0.06348765432098766
0.04894509957480156
0.03297618095241212
0.0004396421009493886
0.019633294578519735
0.00041769026673625203
0.09903625420576799
0.09243055555555556
0.09854166666666665
0.10124989172153667
1.912644
0.024733151883414083
0.09863773504156484
4.868753462603879
0.04961941740105752
0.1
0.024641015883741613
0.024532811680116964
0.0961824390827579
0.0006487693768243264
0.0003622277046898813
0.0012692103509207022
0.09873706384950574
0.0492208761627222
0.06208677685950414
0.10004678430910197
0.019605915730469103
0.03278514429744916
0.07973333333333335
0.024742894667979503
6.067822222222222
0.09815354894433974
0.09742535085765203
0.0013658128307003216
0.001321820567647791
0.04909207577013994
0.001202782109353729
0.024714472040145503
3.4955555555555553
0.09677365988585836
2.8281726354453625
0.0198872229509437
7.486874999999999
0.00122967352417341
0.09903625420576799
3.6246301775147933
0.09861074900104856
0.09730352280806942
0.049264667558900035
3.913593750000001
0.0006553612887500825
0.04871271161273366
0.02463644221699809
0.09676324270173821
0.09723204697208909
0.04942510088271742
0.09612354470169816
0.04954420005295869
0.09688338269148174
0.01956679415619858
0.0999813723448563
0.09703950864420413
5.426159169550174
0.01643776034996253
0.06587499999999999
6.959289940828402
0.000432395486368222
0.04899068040621638
0.00026738032542037246
0.09880030262269607
7.486874999999999
0.0012442163616450531
0.0985203766874728
4.868753462603879
0.10052297096163494
5.7162109375
0.0014399106946508503
6.959289940828402
0.10227480049337301
0.024468820913123024
8.1
0.0497081199333424
0.032617654989880986
0.03672098765432098
0.10360453514739229
3.7436159999999994
0.049438477182119626
0.0011980186252370881
0.0977008599069856
0.049209574202130936
4.239442148760331
0.10135459665907952
4.444897959183674
0.09933726326790071
0.024493880620908938
4.444897959183674
0.09930080971326771
0.0491658953792169
0.048675284677741744
0.00021556118231505044
7.486874999999999
6.500663265306122
0.02456137308693998
0.0812742382271468
0.10104777340843872
0.09920030302750345
4.4228571428571435
0.10097405675417154
3.7538560000000003
0.0006104942944851402
0.0975581637593054
0.08027681660899653
0.024509743596342854
0.10011225488351087
0.00039178380683815796
3.6246301775147933
0.04906751846942038
0.04942103536436831
0.04943267663485301
0.04868851256279421
3.6064053254437862
0.04969486348431798
0.024525200472308877
0.09703950864420413
0.0012234567850644988
0.016401131679894244
0.0163322775
0.013972771806710057
0.04909207577013994
9.680000000000001
0.00036377257682369986
3.375344387755102
0.0004734710013571654
0.03285099721899339
0.012295330225142587
0.04853340603862367
0.02458090086307322
0.0420745069393718
0.01238245409099401
0.0708984375
0.0013131374932076774
0.09850241286754734
0.04880974883870578
0.09799331537593275
0.09835021614492426
0.07015432098765433
5.1425
0.001289127024445105
4.437732426303855
0.09923672381280864
0.09899989878552859
0.03275734927953368
0.04858672527934963
0.09894497500715319
4.886925207756232
6.0984
0.0006553612887500825
0.03250008617360629
0.04966968931050685
0.024567079062292524
0.0011897726920453839
0.0997048813469332
0.0325627148136552
0.0006870385479407128
0.04907306879197113
4.886925207756232
0.049532483930211195
0.048484824726629905
0.09058593749999999
0.10338596066721005
0.0980459338217096
6.500663265306122
1.9593835901707624
0.0004497515910899192
0.09580635988679576
0.03313192781850267
0.0011862733673548987
0.10055982232079232
3.2562663495838287
0.04933494043133831
0.01977537632167193
4.444897959183674
0.00022440393939067034
3.2562663495838287
0.10097405675417152
0.03253037047797427
0.09829591353114875
0.009864259002809591
0.04887194100649199
0.024564986059292932
0.032836122544604655
3.913593750000001
0.001276747377708068
0.09930080971326771
0.0004044117195004158
0.02448277655355934
0.09841295906517633
5.7427734375
0.10135459665907952
9.680000000000001
0.09761942487592058
0.03264137275465824
0.0003228729278306268
0.0005355058346381092
0.09909999959022442
0.09243055555555556
0.09853860588075737
6.500663265306122
0.09980641360154868
0.016359007242971877
0.04919417687833412
0.00029063900492890324
0.02456244268756665
0.024343087513623015
0.0997048813469332
0.04931420262014744
0.0966080807590575
0.09950243530636525
0.032682889405949586
0.03263051431197589
2.158610537190082
9.680000000000001
0.03328377069210026
0.04887736767806171
0.00127296770804809
0.09752229131283632
0.09657278749787668
0.04959431958809355
0.09980641360154868
3.2526991676575503
0.0330002012064256
0.0006846351936475542
0.01963338553768984
0.04863782203970018
6.0984
0.0997048813469332
4.877950138504155
3.8610937499999998
0.0006198768863291071
0.09928845204223197
0.04908649640631624
0.09637158805567611
0.0012630748138522739
0.09634777127089239
3.913593750000001
0.10066306197444042
0.04943267663485301
3.763584
0.049037437499999996
2.8582552800734615
0.00017968423717172692
0.060332409972299154
4.655474999999999
0.033311735468218126
0.04847179822159262
0.09930080971326771
0.04929123875018146
0.0006025894918358738
0.09572493553161622
0.04870208522892308
0.04984644604254006
0.09860150966128459
0.048763964424190454
0.0006065161381838595
0.0004602693965136594
0.09890000000000002
0.09913638766411513
0.0011747561720787166
0.001225935922386021
0.04882329000730146
0.00020131333127419073
0.04918680975895491
0.04961482631807807
8.040495867768595
0.049012944801961826
0.024535344375000004
0.09665671054183084
4.886925207756232
0.0012372175177495918
0.1006261770791853
0.03898888888888889
5.426159169550174
0.10156465754721855
0.09930080971326771
0.032223179881227006
0.0012499986632288477
0.057474999999999984
0.10008338541443865
0.0012830969530457166
0.01400405928090183
0.09850241286754734
0.032930060582856635
0.05487528344671201
6.0984
0.0980099017936856
0.04995411545015617
0.0006839516062900158
0.024440093082283763
0.0012479428663244845
0.0988728017342765
0.032658175553970784
0.04942103536436831
0.09771675212449353
0.000603190278667421
0.09637158805567611
0.10014897269583183
0.1
0.049067518469420375
0.0006652701037862603
0.09920030302750345
0.04854166238635151
0.09867387928997441
0.000520503160860908
0.04952660573275497
3.763584
0.04919821860415449
0.0329945900592721
0.05067708333333334
0.0968477313351355
0.04940018905019443
0.0802551020408163
0.0246817194535132
0.048971844702458314
0.032889731226186596
0.024432674314992204
0.00040590401333273277
0.014025632681012938
0.10052297096163494
8.8209
0.04837100175507153
5.1425
0.0007726635037241098
0.024678238389169417
0.0012124236299671332
9.635061728395064
0.019692266697724108
0.10011225488351087
0.0012039789050967444
8.8209
0.09711085856626342
0.0006301520564739775
0.057687074829931975
0.033013136227815355
4.246053719008265
0.10001009973488195
0.08755555555555555
0.04863499771553466
0.0012499986632288477
0.049105454303151996
8.8209
0.0708984375
0.1089
0.03313374870920683
0.09732860293507346
0.09602940215301807
0.0012805495592422063
0.0012397527942143332
0.032752316743821785
6.083288888888888
0.0012605273903069094
0.09834094409767588
0.09781427363844948
0.08964285714285714
0.03272850115240437
0.0325196033068725
0.0013078124164263173
0.09964010766965165
5.1425
6.500663265306122
0.10135459665907952
0.050321361058601126
0.09930931901959517
0.09791199000000002
9.680000000000001
0.0006908495280992827
0.0011992059555303602
0.0966080807590575
0.09691895577920814
0.0015110636126871532
0.0012605273903069094
0.0004053600884790373
8.1
0.049260763735539614
2.7978633217993085
0.0012461366776490594
0.04924559733340067
3.4955555555555553
0.1006261770791853
0.07015432098765433
0.09870080604513527
0.024432844909936198
0.024525200472308873
0.0012759679521222483
0.0012209876543209873
0.03255268046830613
0.0004172719696990811
0.09781427363844948
0.01631708072104482
0.04936383739550468
0.03269774999999999
0.048911981697096776
0.0006461695936964109
0.016384082928395084
0.05487528344671201
8.8209
0.03317850506756757
0.04831597222222223
0.07072664359861591
6.959289940828402
0.10305982271468143
0.0012039789050967444
0.057623966942148754
0.0006129684342269908
0.048936323927397975
0.02459424798996791
0.0984396757657635
0.13234375
0.0001861322619646294
0.0004041415714515515
0.09575995445251465
0.04920957420213093
6.0984
0.10076651382749918
0.024403625529071066
0.09870080604513527
0.0003721222583610196
0.00024146516814672206
0.049600189713187
0.001266717744643567
0.13234375
0.09763920695032301
0.10104112950378133
0.03270269905935997
3.48320987654321
0.032946457453569666
0.04904852049246443
0.0490038682556518
0.06348765432098766
0.09987956702318569
0.0005092932016077983
3.615754437869823
0.03286199843438297
0.00018991350864113257
0.00035544785969475007
4.444897959183674
0.09899989878552859
0.05506172839506173
0.033040892652677165
0.049004987736489564
0.00034240877421234543
0.04911106268817347
3.7587840000000003
0.0012397527942143332
0.04857095137731594
0.04927226728197932
0.09840351506275094
0.09824241027998744
0.09814407371857944
0.0011921170671739627
0.10035397700550924
0.00043993294763303804
0.09853860588075737
0.000663279457217306
0.09701481227330652
0.09980641360154868
0.0962885062972584
0.049726014584245914
0.09694352514459367
4.877950138504155
0.0328892580389007
0.0006049998485986365
0.0983048156481347
4.6308750000000005
8.070578512396695
0.049675608107830116
0.0961824390827579
0.04902950247544842
0.0490184775
0.0012099987875763656
0.019649157189080623
0.09761942487592058
4.076030245746692
0.09984303187681128
0.0012039789050967444
4.639275
0.1016018469895491
0.001242979134179847
0.09792193820165845
0.024514440594699826
0.01964906488069651
0.09597070721508456
6.938698224852071
0.10135459665907952
0.0006263628997305294
0.014016698268918576
0.04906967805452597
0.03257152641796809
0.048691405032972306
0.03286199843438297
7.486874999999999
0.09934549344107646
3.375344387755102
0.10262815948736205
0.09726782433590486
0.09528284871837575
0.0013893597587317779
0.0012160791712042883
0.024596818487321058
4.655474999999999
8.8209
0.09960355545804621
0.04887194100649198
0.09843967576576348
0.024642917473223003
0.024378172267814805
0.09923672381280864
0.09840351506275094
0.0980459338217096
0.09860150966128459
0.09724268353174603
0.09765532912727422
0.05514462809917355
0.03299999625636461
0.09740014189218565
0.032790227173755265
5.426159169550174
9.589135802469137
0.02462149447300373
0.0991448297296551
0.00026503590660707945
0.03292653103597271
7.486874999999999
0.09843967576576348
0.024366021925955765
0.024638007492035707
0.09905262396889869
5.1425
0.03292625098043814
0.048038024038664064
0.10142875360604231
0.0994380066479425
0.0961824390827579
0.07072664359861591
0.10177559095958262
6.959289940828402
3.913593750000001
0.024733151883414083
8.1
0.0491771075264915
5.426159169550174
0.04938579367671489
0.09818005750980921
0.0012792796516754848
0.09825178412938099
0.03267597417844022
6.500663265306122
0.0990087235996327
0.09910871967783128
0.049171508206469774
0.0975581637593054
0.0006244853585201402
0.016418555410938097
0.04871556749230066
0.0006866941790566641
0.09870080604513527
3.601553254437869
0.0012384838585057783
8.1
0.09820631402733777
0.0013350893533975263
0.001207583625166043
8.1
0.0002735587118118997
0.02461172621485788
0.024534265097121564
4.045406427221172
0.049323288811391794
0.0494649518745757
9.680000000000001
0.10031719253896801
0.048823290007301456
0.03260198121433538
0.04929511424684932
0.0012780122603211336
0.032664024101396925
0.0012746668054977094
0.048686044875125956
0.00046199351598563525
8.8209
0.0004190906674115788
8.1
0.0006074295656420745
0.09675212665406427
0.09792193820165845
0.0012359537639939611
0.0012454560545681003
0.09637158805567611
0.09759395684195489
0.09977796881546035
0.09827842605046834
0.04871556749230067
0.0012669153133730232
0.0006025894918358738
5.1113888888888885
0.10156465754721855
2.6448996913580243
0.10041997633136096
0.04916026909378711
0.046464000000000005
0.014098391199380837
3.9083159722222223
0.04948836256399449
0.0012491899999999998
0.09909999959022442
0.09730352280806942
0.0013563474169199096
9.680000000000001
0.04965781124819741
0.09723204697208909
0.016357388941806876
0.09598214046361649
0.00040563186856439325
0.03273437261125498
3.154988888888888
0.10045679421433269
0.0966679212912713
0.0006487693768243264
5.7427734375
0.09608668969558176
0.03299999625636461
0.024663139883832518
0.0802551020408163
0.04873161312433529
0.09930080971326771
0.032803166033164334
4.859335180055403
0.04928942264404956
0.0956431893574091
0.10052297096163494
0.09688338269148174
0.0015125975933417504
0.04902950247544842
0.04889630288368854
0.07528888888888889
0.000258342051393481
0.024613258115460643
0.024364840234544882
0.024608124884880404
0.03253139567240338
0.032884022984643456
0.09884534948946407
6.959289940828402
0.0004175507412384102
4.246053719008265
0.00045772466750293504
0.01971609288559862
0.019649000414205666
3.763584
0.049739307220038095
0.048877367678061716
0.09736441193791524
0.032801886337805876
3.491550068587105
0.001287798915931555
0.09723204697208909
0.032712565765871
4.886925207756232
0.00041699357014672334
0.10118245637251554
4.4228571428571435
0.09791199000000002
4.252499999999999
0.0015080049664803555
0.049239937327214045
0.10014897269583183
0.0004158836769554901
0.09771675212449353
0.09899989878552859
4.868753462603879
0.09136094674556214
0.0004188098365545644
0.0981800575098092
0.0491031940754141
0.00041699357014672334
0.09695445059831467
0.09950243530636525
0.024370888851876358
7.385763888888889
0.10025137004742654
5.132376543209876
0.04943267663485301
2.9670996093749995
0.0013638395792241946
0.10011225488351087
0.001310102162149045
0.09960355545804621
4.886925207756232
0.04946921040138764
0.04867259819344986
0.02448888636590795
0.03271560456220221
0.024580900863073216
3.6246301775147933
0.03281318999999999
4.655474999999999
0.10177559095958262
0.04801079629446656
0.10057292016595003
0.024558835713563102
0.0012630748138522739
0.02453316492013935
4.655474999999999
0.0012359537639939611
0.03254187653987856
0.024629238529330067
0.057474999999999984
0.04909207577013994
0.03249608472788024
0.0012869371038362399
0.04995411545015617
1.9593835901707624
0.10295608316856153
0.0937688789176072
0.0004485381730077435
0.09950243530636525
0.09769115385647642
0.09556144199881025
0.0997048813469332
0.1089
0.04941934328834936
0.07973333333333335
3.1485000000000003
0.04945003785329638
0.0006295173498975311
0.03268685846248519
4.045406427221172
0.09947441057486661
0.048885378504581245
6.959289940828402
0.0004345804938208819
4.655474999999999
0.09844884558313576
0.0003310770970084159
0.04866433754367107
0.012328311816745704
7.486874999999999
0.0013523308538846918
0.001288222267243246
0.02471274768834334
0.0012818219905220767
4.232665289256198
0.0006288839206224456
0.0493043867283611
0.09818005750980921
0.0961824390827579
6.446785714285715
0.0012474213518985347
0.057474999999999984
0.09980641360154868
2.5113365650969532
8.8209
0.001337646992992545
0.04951917825393003
0.09605191654443725
0.014039997601182517
0.09950243530636525
1.958533944189921
0.0329945900592721
0.09950243530636525
0.0983048156481347
0.09771675212449353
0.057474999999999984
0.04931420262014744
0.0012173025884109206
6.959289940828402
0.0007615109805774462
0.0012669153133730232
0.024390217040686817
0.0012931278371462007
0.09740014189218565
0.0006238620102796379
5.3908650519031145
8.1
6.500663265306122
0.0246442026150869
0.00132975
0.00132975
0.0004190906674115788
0.00031268384989016976
0.03246183494083128
0.0002515268644262166
6.0984
0.0708984375
0.10052297096163494
0.0003421522283909896
0.016405934054793504
4.444897959183674
0.08290657439446368
0.04956924715154986
0.049475000000000005
0.046878698224852064
0.049097641676137845
0.032790227173755265
0.049171508206469774
0.09820631402733777
3.9083159722222214
6.500663265306122
0.10031719253896801
0.049438477182119626
8.7105
0.09825178412938099
0.03227408986889715
0.10198740234375002
0.0326522384264642
0.09571279916753382
0.09960355545804621
0.07311728395061728
0.09736441193791524
0.09994480424822988
0.09844884558313576
0.019555104733597686
0.0014195924722811353
0.04940018905019443
0.0004242890841412743
0.09990815285297794
0.03284000336689431
5.426159169550174
0.024624078013862676
4.070207939508507
9.680000000000001
0.01966087045362323
0.0004325404697354709
0.0487936065938962
0.00033231822369674734
0.049444264271480666
0.0325891601637951
3.8916493055555548
0.1002146189377169
4.886925207756232
0.03301679275745422
0.09656148244109097
0.05067708333333334
0.0012759679521222483
0.09831436133878063
0.03295405085232973
0.07072664359861591
0.09825178412938099
5.7296484375
0.024554799375
0.09890000000000002
0.09854767303855964
0.049167903081462454
2.9670996093749995
0.05024258169426901
0.0012175541192161689
0.09665671054183084
0.04884217859637148
0.09953895457399697
0.0005248532849188375
0.0980459338217096
0.001206379655857945
8.784900000000002
0.0006676076797148432
4.886925207756232
0.10209363899004112
0.09726782433590486
0.019558987798796057
0.09612354470169816
0.01966866808051119
0.10049352794214331
0.04028537455410226
0.049321757026337724
0.00031331084020791455
0.0980099017936856
0.04889084739798549
0.04143250688705234
0.10001009973488195
