10.719843749999999
0.024515869375
3.1581
0.04940018905019443
10.719843749999999
6.500663265306122
0.10145951837633226
0.04902399674074156
0.02452011550095476
0.09870080604513527
18.376875
0.0196294204
0.0489175345431025
0.03284517057155594
4.437732426303855
0.04907860560800962
0.09920030302750345
0.09761942487592058
0.09405941416339307
0.10104112950378133
0.03266999636757878
0.049141264188039026
0.09815354894433972
0.0968477313351355
0.02456093768378328
0.02465599277613147
4.886925207756232
0.03242762106413496
0.04981508764211118
0.04936383739550468
6.0984
13.612499999999999
0.09920030302750345
6.959289940828402
0.09880030262269607
0.049333270751268164
0.03268882814521609
0.09711085856626339
0.09703950864420413
0.04940778762634114
0.04865377165058586
0.049438477182119626
15.6816
0.016387962036110187
2.7159673469387755
0.10156465754721855
0.09509802054859083
0.04896627415858109
0.10160184698954908
5.7427734375
0.04936957661047276
0.03253513526892898
0.0997048813469332
0.09795766670891543
0.048877367678061716
6.959289940828402
0.0327812317535598
0.04884760339310669
0.09920030302750345
8.1
0.049388692270111466
0.03248734451682542
0.032858130366410894
0.09785024166642549
5.1425
0.04932560400142387
0.049239937327214045
0.04886650087920977
0.024525609375000004
0.019629470061711216
0.024510840682793727
2.5113365650969532
0.10241368104549989
4.886925207756232
0.024663139883832518
3.4955555555555553
0.03293346402090248
18.376875
8.8209
0.04915244499753149
0.014037600430410573
0.03266462927164759
0.03277613900702763
0.09782432141704613
0.04942510088271742
0.04866192151049249
0.09950243530636525
0.04890717343854413
0.04902399674074156
0.09723204697208909
0.0196137564
0.03271560456220221
0.04905404175366706
0.03264534691982192
0.032871494726009774
6.938698224852071
0.09870080604513527
0.024563491420166332
0.01091376056957346
8.8209
0.09656148244109097
0.10118245637251554
7.486874999999999
6.0984
0.024654009950042306
0.0983769919033564
0.0489750227335108
0.09778854466715273
0.09590010369891439
0.014098814568799705
0.014022799571201085
1.9993359375
0.050364837662981346
4.868753462603879
0.016432268641528632
4.070207939508507
0.04940018905019443
0.04886104734448659
0.04904852049246443
0.04942510088271742
0.016371577499999995
2.5113365650969532
0.033059417157090314
8.8209
0.0489994975
0.008217154614214451
0.09840351506275094
0.048696751833491286
0.09853860588075739
0.09824241027998742
0.024450148412959803
0.016511564952991855
0.09663251948072155
0.04893159038763433
0.09909999959022442
0.047992186128519514
0.02475452439226357
12.001224489795918
0.09960355545804621
0.0245266849263502
3.6246301775147933
0.01974376566248327
0.09844884558313576
0.09814407371857943
0.0967632427017382
0.03260680789673702
0.024512250843406025
0.04906195468920052
0.01639724569926943
0.019582431288851575
12.001224489795918
13.612499999999999
0.049675608107830116
0.09688338269148174
0.09880030262269607
0.008230633205999465
6.500663265306122
0.03293346402090248
10.719843749999999
0.024502208482298476
0.032882100337324645
0.09663251948072155
0.09792193820165847
0.09762967056078477
0.04920179481700803
0.0196137564
0.09791199000000002
0.049037437499999996
0.03265422734179548
0.032682889405949586
5.1425
0.04906751846942038
0.04920179481700803
3.6246301775147933
0.016434685427497226
0.04874513110205565
0.09950243530636525
13.612499999999999
0.03256752869002079
4.076030245746692
0.10093707088957381
0.0997048813469332
0.03242350492075913
0.04948836256399449
0.03265023961374184
0.02446942977944466
0.032737451076724815
0.09840351506275094
8.8209
0.09860150966128459
0.03272850115240436
0.012273517260382678
0.09775268823630184
0.032754267594888434
0.010922709386522634
0.09791199000000002
0.09546839673365784
0.09940152026591771
5.7296484375
0.014097634577817443
0.09519034491486447
0.019680618585948415
0.048990680406216375
0.04928371758288933
0.03263051431197589
0.048901744913366865
0.048236829841562655
0.03319182372807807
0.03255470702405077
0.049226506906391264
0.09814407371857943
0.016381930012719925
0.04874513110205565
0.019707785906965015
0.09877324035835064
0.024337028162099407
0.049682952855202744
4.444897959183674
0.09960355545804621
0.024573684425853726
0.024563908230712927
0.09607603691719724
0.04957662837254539
0.09746119155466448
0.04876118194852878
0.09602940215301807
0.10008338541443865
1.9993359375
0.05028731358229787
0.0965970398639948
0.03259512353206908
0.04966375700725439
0.04896953446154245
0.048988476558406636
0.019625360626497976
18.376875
0.09863773504156484
0.019696091251164404
0.04853862059812663
0.024648818842958508
1.8143538625845494
0.10349513250405624
0.024491384614386612
0.04931019005741842
0.032690787955523215
0.03276129433987244
0.09656148244109097
0.01970021837317775
0.04822824715961931
0.09980641360154868
0.03284517057155594
12.001224489795918
0.09818005750980921
18.376875
0.048926146476740213
7.486874999999999
0.04955003787870065
0.014016031304418397
6.0984
0.019775376321671933
0.032758139626996155
6.500663265306122
0.016338833055555554
0.09890000000000002
12.001224489795918
3.913593750000001
0.10072959533607681
0.0491771075264915
0.09591205801142001
0.01407418584774816
0.04909207577013994
0.024404878964158373
0.04946340729532492
0.0489994975
0.09556144199881025
0.0247598709464561
0.09717142817775258
0.049234263862679636
0.01961763471293941
0.09730352280806942
0.012329813449746383
0.019609711642738784
9.680000000000001
3.763584
0.05030044482165933
0.01401126814503362
0.10114540289256199
0.0480863326916169
0.049928667620570646
4.655474999999999
0.014032809708101479
0.012267718695925753
0.10041997633136096
4.886925207756232
0.024595784053377895
0.03283477312579665
0.09814407371857943
5.7427734375
0.04896403273272817
0.024546544256666268
0.01638357973275742
0.024501115143597662
0.09990815285297794
12.001224489795918
0.04886104734448659
0.09909999959022442
0.016350835684808128
13.612499999999999
4.076030245746692
0.09880030262269607
6.0984
0.049961200186122844
0.032727336783250426
9.680000000000001
0.03264823088516201
0.09841295906517633
0.04918490929156577
3.0596253902185224
0.04917925389915893
0.09990815285297794
0.03268088999515354
0.09590010369891439
0.04945759073150524
0.032750355978043814
0.049141264188039026
5.414671280276817
0.032739424917990756
0.02458552163922049
0.04912780719289262
0.03263250943223335
3.6246301775147933
0.10052297096163494
0.02448277655355934
0.03261281183590029
0.0957480776930214
0.10114540289256199
0.09899989878552859
0.09788612985416185
0.01960194059976278
0.0983048156481347
0.03268088999515354
4.655474999999999
0.03298912082544385
0.04846147211174312
0.09705033820213703
0.04866433754367107
0.10118245637251554
0.0983048156481347
0.0997048813469332
0.032677946983641286
0.09694352514459367
0.03271955486446157
2.1296
0.10124989172153667
0.03291176601391514
0.04893961328839328
0.04887736767806171
0.014047655847144212
0.024655992776131473
0.09756823840994036
0.03279803964761646
0.024496097002601584
0.009853407869011292
0.048988476558406636
0.09782432141704613
0.09775268823630184
8.1
0.09894497500715319
0.0491031940754141
0.03245363882339092
0.10028803734616755
0.09608814275574683
0.10001009973488195
4.444897959183674
0.014067357256342089
0.02451084068279373
0.007582388539509778
0.032844169395419974
2.506018005540166
0.04879900081291729
0.04979581587927159
0.024567079062292524
0.0490018392281772
0.09850241286754734
0.0980099017936856
0.019527852439310836
0.10052297096163494
0.09713568239795918
0.09840351506275094
9.680000000000001
0.024521998216483352
0.09920030302750345
0.048584381559190114
0.09930080971326771
0.048677916451769075
0.09873706384950577
0.02449717403294021
0.1006261770791853
0.024454749037630372
0.09810800960638713
2.0843336483931947
0.05016552743637209
0.04885010024504344
0.09883659290832425
0.024498607181589072
0.02447553791219154
0.024481649095160585
6.483112244897959
0.10156465754721855
6.500663265306122
7.486874999999999
0.032871494726009774
0.01963729630622032
4.444897959183674
0.019696419572452013
0.04924559733340067
0.048882780845494626
0.09675212665406427
0.03284906497871826
0.09860150966128459
0.09732860293507346
0.016336747503588288
0.03305015288867415
0.03278191326684264
0.09487890413737157
0.04971409828882243
0.014058499675545292
5.3908650519031145
0.01639343083835857
0.019637186733427008
0.012306727664765461
0.03273437261125499
0.03272850115240436
0.03268088999515354
0.01229536919657957
8.8209
0.01226299468471953
0.014045650883609694
0.032972417202174996
0.048328390604491074
0.03306499938003129
0.09736441193791524
0.09794799000000001
0.01401403454586224
0.019648880989140728
0.04954420005295869
0.09762967056078477
0.02458193612401576
0.0957480776930214
0.04966968931050685
0.03247660580435879
0.1002146189377169
0.032348624862486255
0.03302223344555529
5.7427734375
0.09913638766411513
7.462430555555556
0.048982945950520045
15.6816
0.049388692270111466
0.09730352280806942
0.024447314700361895
0.1002146189377169
0.010957046664836389
0.049143309976643304
0.024248236356348946
0.0165014713371072
0.03267597417844022
0.049116657664025454
0.0980459338217096
0.048603076895957116
0.0966080807590575
0.10083322638705783
0.03284000336689431
0.09781427363844948
0.09675212665406427
0.09761942487592058
0.0163737650980123
0.09584166918784777
0.049226506906391264
3.2631153388822827
0.10273573593743289
0.01962549621649355
0.03269971655566104
0.04904298572497854
10.719843749999999
0.09880030262269607
0.04901294480196183
9.680000000000001
3.1581
0.03310208145647009
0.02450862562346706
0.00703674095824301
0.019566824080579744
0.04946921040138764
0.03276197222222222
0.01960588577445416
0.09810800960638713
9.680000000000001
7.486874999999999
0.032695773549502614
0.024647197379130337
0.012280298161883401
0.09775268823630183
0.09738424941735953
0.03299079931314046
0.032717584673985514
8.1
0.04873161312433529
5.7427734375
0.024735804642029114
0.0483233230823695
0.10083322638705783
0.09721729410528242
0.032814144183998306
0.014076126533722477
4.252499999999999
0.0491771075264915
0.09870080604513527
10.719843749999999
0.04920179481700803
0.014058470225568437
0.0977008599069856
0.0971714281777526
0.024646220019217575
0.04906195468920052
0.09775268823630183
18.376875
7.462430555555556
0.012326155843407854
2.6448996913580243
0.016475253298762996
4.225723140495869
0.04939444741398934
0.09509802054859083
0.03304459726401099
0.09590010369891439
0.016382496881398805
0.09870080604513527
0.09899989878552859
6.959289940828402
0.09940152026591771
0.09736441193791524
4.076030245746692
0.019704421201484808
0.016271259045285015
0.033081716313257965
0.02462963240832339
0.048480228240288595
0.016433492130740007
0.024523086407820575
0.03271450944762119
0.09688338269148174
0.09781427363844948
9.680000000000001
0.01635685627673142
0.032937307172704315
0.024523086407820575
0.09778854466715273
0.032739424917990756
0.009877098144173747
0.09675212665406427
8.1
0.016476687371977872
8.8209
0.024580900863073216
0.09497084088691872
0.10104112950378133
0.048926146476740213
0.032665097140621616
0.04916589537921689
0.012308886093749999
7.486874999999999
0.0994380066479425
0.0965970398639948
0.049111062688173474
0.04906751846942038
5.7427734375
0.01408913164013823
0.04851768185393433
0.09917269378288447
0.03255268046830613
0.049438477182119626
0.0486108133936445
5.1425
0.10156465754721855
0.032331464018643466
0.049898118135819576
0.04878545330629674
0.09443524675064317
0.05018431862654528
0.03265023961374184
0.09791199000000002
0.09587690189605584
8.8209
0.04984644604254006
0.03255470702405077
13.612499999999999
0.09920030302750345
0.09801975000000002
0.032704692235334
0.09640708312666625
0.09850241286754734
0.09883659290832425
18.376875
0.09761942487592058
0.049135653571672405
0.03245363882339092
0.09820631402733777
0.049141264188039026
0.024691479453301197
0.09771675212449353
0.04792663889537801
0.04968891489749222
0.0485521885109303
0.019763782768334136
9.680000000000001
0.03246850028507521
0.10072959533607681
5.1425
0.09909999959022442
0.04909207577013994
0.02450000096826581
0.012347660952118894
0.03274138882996643
18.376875
0.01634000130943772
0.04924559733340067
18.376875
0.01960589881036084
0.0966679212912713
0.10118245637251554
2.88
0.049726014584245914
0.019644998230033076
0.048926146476740213
0.048591956313775504
0.09903625420576799
0.09860150966128459
0.09850241286754734
0.031020701624842703
0.025454435225103943
0.09950243530636525
0.09765532912727423
0.03268088999515354
0.09771675212449353
0.09761942487592058
0.04898049749999999
0.09678774664500302
0.04933327075126817
0.032769065361657954
5.1425
0.09980641360154868
0.0965970398639948
0.09940992351336564
0.09602940215301807
0.049476683936506186
5.7427734375
0.01639234812612005
0.03277807363970557
0.04898049749999999
3.0567533818938606
8.1
0.10114540289256199
5.1425
0.04934473083994812
0.049627882358942964
0.03262166130707764
0.016367760465495155
0.048067668662440145
0.03314879464177548
0.01404484075322589
0.03259314556735431
0.03275932678765477
0.0968477313351355
0.03282317113204212
0.032711309129158664
13.612499999999999
0.04878010129132693
0.09880030262269607
0.012312576745689389
8.1
0.09732860293507346
0.032807065916488624
0.04885301473446063
0.0968477313351355
0.016371577499999995
0.049111062688173474
0.0246019529215274
0.09772689906352726
7.486874999999999
0.03242762106413496
0.04991648813054535
0.04929511424684933
8.8209
0.09762967056078475
0.09627692066724097
0.1002146189377169
0.09860150966128459
0.09615886960315345
0.09964010766965165
4.444897959183674
0.03283416716680203
0.016360672665036543
0.09870080604513527
0.02453787486539668
0.09451293026341288
0.049625303720401706
0.016339940723968386
0.09781427363844948
3.1581
0.02475810231029823
0.03273046820594368
7.486874999999999
0.09930080971326771
0.024498607181589076
0.0983769919033564
8.1
0.09880030262269607
0.09612354470169815
0.09960355545804621
2.88
0.10035397700550924
0.032752316743821785
0.02460040854890178
0.09678774664500302
0.09890000000000002
0.09791199000000002
0.014043646492313712
0.03290635433299463
12.001224489795918
0.09509802054859083
0.03307243045366025
0.04902950247544842
0.0325891601637951
0.09860150966128459
3.6246301775147933
0.10041997633136096
0.049135653571672405
0.016359038310805978
0.024631510911141827
2.7181551020408166
0.10156465754721855
0.04859499440800263
0.09861926719022246
0.04915244499753149
4.4228571428571435
15.6816
0.024677196874232015
0.049135653571672405
0.048793606593896185
2.577326515704894
0.10320601465021693
0.0489750227335108
0.09840351506275094
0.09656148244109097
0.04934473083994812
0.049105454303151996
0.048793606593896185
0.04923993732721405
13.612499999999999
10.603593750000002
0.04847179822159262
0.04934653919837133
0.03297052034466837
12.001224489795918
0.09723204697208909
0.024556296121090036
0.016415207147215335
0.04875049485413519
0.014054078121859173
0.04904298572497854
0.0163601250368304
2.1768750000000003
0.05026152522994651
0.024527739718430346
0.04932560400142387
0.032752316743821785
7.486874999999999
0.032889731226186596
0.03259314556735431
0.09811775739703668
0.03279996793944753
0.032393443045188826
0.03297778899608592
6.500663265306122
0.019688266156235798
0.014025955931883041
18.376875
0.049236087713016886
0.049004987736489564
0.010891704354145439
0.03284712276915668
0.0969792079207921
0.010939247555864172
0.09759395684195489
0.049319910064640086
0.09798390999999998
6.500663265306122
0.04921523191158206
0.049146861346325836
0.09742535085765203
7.437430555555554
0.024466948712355725
18.376875
0.04969612305720237
0.09658339597929197
0.09703950864420413
0.04980298642067561
5.7427734375
0.0993372632679007
0.04876118194852878
0.019707463276184927
0.005781488301157667
0.04994801586930478
0.024531740587059748
4.444897959183674
0.014084678081460742
0.032361381781742526
0.010936740217720224
0.04844269643538262
0.09468660090040401
0.10426583919403078
0.09814407371857943
8.784900000000002
0.09778854466715273
0.04930848171731857
0.03234575241079358
0.10072959533607681
0.03285291950869795
0.09814407371857943
0.016329060272616713
0.09870080604513527
5.402906574394464
0.03263937084116904
0.09794799000000001
0.04949998736097391
0.019621506149266606
0.049146861346325836
0.09593544382847569
0.019672606339442008
0.09723204697208909
0.049146861346325836
0.024588558411483462
0.09742535085765203
0.09840351506275094
0.032608819085143195
0.04880974883870578
0.09853860588075737
0.049276005631373763
0.0961824390827579
0.04928942264404956
2.4486390532544378
0.024763436766656467
0.04811360774702037
0.10230677764565992
0.04890717343854413
0.09637158805567611
0.09765532912727422
0.09730352280806942
0.049671970036060796
0.04920179481700803
0.0961824390827579
13.612499999999999
0.09694352514459367
0.04970079856550114
0.04908649640631624
0.024507234113510547
9.680000000000001
0.03291176601391515
0.04904298572497854
0.02454101254922678
0.09621787201685957
0.032843844402823744
3.4955555555555553
0.03300190343388997
8.1
0.09909999959022442
0.04912780719289262
0.032610820392075024
0.09625322775502643
0.10093707088957381
15.6816
0.049116657664025454
0.04876118194852878
0.04904298572497854
0.012303022166361885
7.437430555555554
0.09761942487592058
0.09890000000000002
10.719843749999999
0.01961371683584174
0.014050438444347847
0.03226347004218239
0.03309658892816417
13.612499999999999
8.8209
0.0980099017936856
3.375344387755102
0.10262815948736205
5.1425
0.04810992707565898
0.033280131983621807
0.0964664417966949
0.09953895457399696
0.0489994975
0.09750685746356849
0.048882780845494626
10.719843749999999
0.09890000000000002
2.88
0.02477684819058529
0.09761942487592058
0.0163911975
0.04870721214337984
8.784900000000002
0.10072959533607681
0.009823913330273902
0.04952499997444079
6.959289940828402
0.0997048813469332
1.9984331597222225
0.10097405675417154
0.019680487590546174
0.0007812006081036418
0.05100666092054214
0.0984396757657635
2.3874937500000004
0.10220009719274237
0.0489750227335108
4.076030245746692
0.0984396757657635
8.1
0.019767425375936145
0.02448277655355934
0.049276005631373763
0.019590252640503625
5.7427734375
0.01970806062832329
0.016363373859543
0.04883406858189141
8.8209
0.024666703399983312
0.09746119155466448
0.04858148074662035
0.048576222763391165
12.001224489795918
0.009011310106127894
0.09607603691719724
0.0997048813469332
0.0973391423885828
0.032772240010795275
0.04866433754367107
0.03258513533944941
0.09960355545804621
0.024512250843406025
0.09726782433590486
0.032695773549502614
0.04865377165058586
0.04952499997444079
3.9083159722222214
0.048389751103375754
0.10305982271468143
0.013969351346550344
0.10114540289256199
3.0596253902185224
0.10156465754721855
1.9209960000000001
0.03325712032819396
0.048950572404618364
0.03225478642431286
0.050107348853029476
0.049080903633407495
0.024484135368597563
10.719843749999999
5.132376543209876
0.03263937084116904
0.049575101112130995
0.09909999959022442
0.019551221421932465
0.016290621993422974
0.10188138656294768
0.01962161362396563
0.024455885926184702
0.09691895577920814
0.09909999959022442
6.0984
12.001224489795918
0.0983048156481347
0.10031719253896801
2.38899375
0.016405529150545422
0.009848417557769674
0.01639724569926943
0.024380555412870247
0.049037437499999996
0.01972803757480871
0.02450000096826581
0.04898847655840663
0.019688207126044965
0.04889630288368854
0.012276908749342567
0.032750355978043814
18.376875
0.024466684432588367
0.04955003787870065
0.032620679346242624
0.09909999959022442
0.04884760339310669
0.048313147613385427
0.10145951837633226
0.0492418303053594
2.7202775510204082
0.024600408548901775
0.032836122544604655
9.680000000000001
0.04940018905019443
0.049012944801961826
0.014056874028492953
6.959289940828402
2.1768750000000003
0.016529608317341262
0.03272453725085441
3.4955555555555553
0.01410647816246545
3.1581
0.03299079931314046
0.04871271161273366
0.024595784053377895
10.719843749999999
0.09599403114186851
0.10041997633136096
0.04918490929156577
12.001224489795918
0.03258715268838439
0.02445949205185936
0.024747407963498766
0.014008501158688189
0.012320274817568751
5.414671280276817
0.032628509302288465
8.8209
0.09795766670891545
0.0994380066479425
6.500663265306122
0.024691260651358737
0.049037437499999996
0.024512250843406025
0.0489750227335108
0.032585135339449414
0.03280900094689507
0.016366123266031173
0.03270667547544483
0.09694352514459367
13.612499999999999
3.4955555555555553
0.04997958923365265
0.014049661383162337
0.032393443045188826
0.033003800566929885
4.430385487528345
0.04951334302622182
0.09840351506275094
6.446785714285715
0.032758139626996155
0.09746119155466448
0.024640033978200974
0.04887736767806171
0.0966679212912713
4.076030245746692
0.032950274126042345
0.008947633250130657
0.010958509215487612
0.024273202994804427
0.10167001484845839
0.03272850115240437
0.032684878888888894
10.66234375
0.09824241027998742
0.03272850115240436
0.09810800960638713
0.04892068906099976
0.014022850307058722
0.04935044064742495
0.09746119155466447
0.09870080604513527
0.04878010129132693
0.09909999959022442
0.09820631402733777
0.09742535085765203
0.0327702756100688
0.09581840541447013
0.009876123565269209
0.09794799
0.048504191284593504
0.09960355545804621
0.0967278099416373
0.024509743596342854
5.7427734375
0.10124989172153667
0.09791199000000002
2.1296
10.719843749999999
0.10220009719274237
8.1
0.09960355545804621
15.6816
0.024528130123090568
0.09870080604513527
0.04896953446154245
0.03264039138640853
13.612499999999999
0.09960355545804621
0.04852293661905001
0.0983048156481347
0.04954420005295869
0.04888211307228443
0.09591205801142001
0.03292466770946388
0.04940018905019443
0.048812457612435335
0.03267399148634338
0.03277613900702763
0.04909207577013994
0.03262166130707764
0.0327136145105504
0.024487763330637173
0.04909983255759947
0.032840440399837745
0.024503620878216566
4.655474999999999
0.10001009973488195
0.09778854466715273
0.04919252081316943
0.09665671054183084
12.001224489795918
0.014045630852884985
0.09794799
0.09593544382847569
0.0994380066479425
0.09940152026591771
0.048562661025989086
0.032884022984643456
0.09742535085765203
0.04894509957480156
0.0327702756100688
8.040495867768595
0.04925327565281205
0.032444432221011885
0.04965044317238627
0.09781427363844948
0.09771675212449353
0.04872092945777928
0.09960355545804621
0.048600280822449306
15.6816
0.10004678430910197
4.252499999999999
0.10041997633136096
9.680000000000001
0.09821596098007639
0.03256349157294071
0.048950572404618364
0.049438477182119626
7.486874999999999
0.049319910064640086
0.09703950864420413
0.024636748168548658
0.09850241286754734
0.01966071
0.09619411746011262
0.049226506906391264
0.04907860560800962
0.0968477313351355
0.01968057796470945
2.88
0.03299079931314046
0.01966044159186617
0.09965519338297818
0.09781427363844948
2.875004591368228
6.959289940828402
0.024766100778742743
0.0984396757657635
0.048874400687201267
0.03244701989075481
0.10093707088957381
0.024539987360292052
0.016360672665036543
0.0967632427017382
0.09903625420576799
0.09810800960638713
0.09791199000000002
0.04921523191158206
0.09771675212449353
5.1425
0.049234263862679636
0.09880030262269607
0.048836740392474785
3.913593750000001
0.10114540289256199
0.019516196529788872
0.024686023445298313
0.09524772328120032
0.049289422644049556
0.01641044268786173
0.09742535085765203
0.04879900081291729
0.0491771075264915
9.680000000000001
0.04925124383202638
0.019656822742824216
0.09801975
0.04828427977168455
0.012346275516477698
2.877539026629936
0.04921523191158206
7.486874999999999
0.04984039912237739
0.0975581637593054
0.012295647782326082
0.09769115385647642
7.486874999999999
0.04952499997444079
13.612499999999999
0.04896403273272817
0.09810800960638713
0.01229071967537635
0.04907860560800962
0.04861374642726687
0.049526605732754976
10.719843749999999
0.04904298572497854
0.019629470061711212
0.0977625647484267
0.04902950247544842
8.1
0.09820631402733777
0.02448888636590795
0.02453426509712156
0.09940152026591771
8.8209
0.04912223918191469
5.402906574394464
0.04948836256399449
8.1
13.612499999999999
0.01970003568209135
0.0489750227335108
5.1425
0.04892307417312947
0.049955043636785976
0.024535344375000004
0.02441576928213284
0.09893632282420163
0.09909999959022442
0.09656148244109097
0.01961371683584174
0.04939444741398933
5.414671280276817
0.0246019529215274
0.09850241286754734
4.076030245746692
0.09940152026591771
0.09732860293507346
0.03278319299814075
0.03259115778401811
0.048755845152347724
0.09964010766965165
0.048799000812917284
0.09920030302750345
0.04905404175366706
0.02448388318480607
0.09814407371857943
0.03275426759488843
0.03268487888888889
0.049141264188039026
0.00987314884553583
0.0980099017936856
0.03262166130707764
0.03271560456220221
0.09726782433590486
2.5113365650969532
0.04984644604254006
0.09820631402733777
1.8143538625845494
0.05018431862654528
0.04904852049246443
0.04907306879197113
0.024575784812367153
0.04895851759554744
0.024531740587059748
0.03235235947040796
0.033126404994521554
0.03282570568658421
6.500663265306122
0.09853860588075737
0.03277999838681214
0.03272652417356695
0.04842390121120706
0.09791199000000002
0.032913279203074616
0.09795766670891543
0.03265317711725037
0.09637158805567611
0.04916026909378711
0.032750355978043814
0.032834773125796655
0.024544012212311596
0.0980459338217096
12.001224489795918
0.09746119155466448
0.09473050705416235
0.10072959533607681
8.1
0.04981508764211118
6.500663265306122
0.04945759073150524
0.03257834083617459
0.03276129433987244
0.09746119155466448
5.402906574394464
0.032789017134692455
0.04936957661047276
12.001224489795918
0.02458552163922049
0.0970857857072836
0.03277479
0.03272850115240437
0.09691895577920813
0.09723204697208909
2.9670996093749995
0.050527150634601746
0.09791199000000002
0.04911106268817347
0.09761942487592058
0.09810800960638713
0.032623649655882186
0.032671998888888894
0.01225006291764667
0.024588090515778017
0.019605850587480707
0.09890000000000002
0.049105454303151996
0.03259314556735432
0.09923672381280864
0.01962161362396563
0.09752229131283632
0.03264137275465824
0.024516962016184588
12.001224489795918
0.03279219522547321
0.09740014189218565
0.03231873202366153
0.05017222350019544
0.024557349334997664
2.577326515704894
0.04987179975266917
0.03256953246849668
0.09759395684195489
0.01961768776294794
0.09930080971326771
0.024398803565618007
0.09977796881546035
6.0984
0.04906751846942038
0.04886650087920977
0.09930080971326771
0.01964510373977522
0.09665671054183084
0.03261082039207503
0.04940018905019443
0.09820631402733777
8.1
0.024606572194898275
0.09691895577920814
0.03281609593214447
0.09334277231663732
0.05031987302693808
4.246053719008265
0.10011225488351087
0.09791199000000002
0.014030806537571253
0.04872895960199251
0.024691479453301197
4.444897959183674
0.09890000000000002
0.03260680789673702
0.016404958067021976
0.024527025490248287
0.04865377165058586
0.09757760593496673
0.10011225488351087
0.09713568239795918
0.09752229131283632
0.016379702925779963
0.03277613900702763
0.09827842605046834
0.03250745910810378
0.024618908757365374
0.03265023961374184
0.04899399375774381
0.0492208761627222
0.016380322572954416
2.1273876543209878
0.049226506906391264
0.10014897269583183
8.1
0.04949998736097391
0.010934651836978535
0.008944380286688534
5.426159169550174
0.09689413793372809
0.1003906774892502
0.024525609375000004
0.0140452364128606
0.019605908798141343
0.032772240010795275
0.0980099017936856
7.462430555555556
0.09591205801142001
0.10083322638705783
0.019621411463936086
0.024647197379130337
0.09736441193791524
0.09675212665406427
0.09602940215301807
0.0495897842056933
0.0995753912188512
0.010937820237861402
0.09703950864420413
7.486874999999999
0.0246958203916803
0.04893961328839328
0.049037437499999996
0.048179363920640324
0.10080334764348253
0.0997048813469332
6.500663265306122
0.0492208761627222
0.04901128305503087
0.04930079234196916
1.7496000000000003
0.033238172342637665
0.032752316743821785
0.09637158805567611
0.02448164909516059
0.024613258115460643
0.09791199000000002
0.09708578570728361
0.09940152026591771
0.04885010024504344
0.03276325195481143
7.486874999999999
0.09818005750980921
3.1581
0.10188138656294768
0.01958240146981794
0.09980641360154868
6.959289940828402
0.09814407371857944
0.09893632282420163
0.014058903072240947
0.01634924430185068
0.014056489982140007
0.02453744059397673
0.014046450127659942
0.019633264238259236
0.03259596801565664
0.1002146189377169
0.016359038310805978
0.032359300831480343
0.1006261770791853
0.049004987736489564
0.09752229131283632
0.09920030302750345
0.0244326743149922
0.09980641360154868
0.09675212665406427
0.09890000000000002
0.09736441193791524
0.032665097140621616
0.032712565765871005
0.09840351506275094
0.09723204697208909
0.048514603960396044
0.016448320281429434
0.03252435177725869
0.04877473577386698
0.0329780478828174
2.6468749999999996
0.008967873833553481
0.09840351506275094
0.09694352514459367
0.04934473083994812
0.03281218245987414
8.070578512396695
15.6816
0.032909879640906255
0.024544012212311592
0.03242966443281383
0.10011225488351087
0.048853014734460624
0.09775268823630183
0.04919821860415449
0.0964664417966949
0.09853860588075737
0.04865656318112214
0.032874922911598756
0.04904298572497854
0.09930080971326771
6.500663265306122
0.09602940215301807
0.04976454173001108
13.612499999999999
0.09867387928997441
0.01636939719875514
0.02453787486539668
0.01404283414662794
0.09707522289483841
0.016329060272616713
0.012291936056032519
13.612499999999999
0.0491771075264915
0.024553263476833734
7.486874999999999
2.0833128544423443
0.019911966233186498
0.04792087273226164
0.10156465754721855
0.04930079234196916
10.719843749999999
0.03260594077871781
0.03289504633434409
12.001224489795918
0.03281092606129715
0.048162150520792535
0.019791396167938916
0.02449358461701109
0.09913638766411513
0.04895851759554744
0.04860841829232427
3.6246301775147933
0.10083322638705783
12.001224489795918
0.09851175475366784
0.008177993964115542
0.10031719253896801
0.03258715268838439
0.03259394384882929
0.01965693368673283
0.03267294171929394
8.8209
0.0491771075264915
0.03255268046830613
0.0328931268941246
0.03267990992037249
0.09920030302750345
0.03261180663844955
0.03270362005626741
0.09752229131283632
0.0997048813469332
0.049143309976643304
13.612499999999999
0.049167903081462454
0.09820631402733777
0.01966071
0.049067518469420375
0.01964114435661158
13.612499999999999
0.024580900863073216
0.048447837878294236
0.09940152026591771
0.09761942487592058
0.032541876539878556
0.03295405085232973
0.0484884718792867
0.09920030302750345
0.09742535085765203
0.0485438216605555
0.014138717273661049
0.09753263533080864
0.010931679248107834
3.5965828402366857
0.03295216747304275
0.04902950247544842
0.049118741461776416
0.0965019680166954
0.02455268844679137
0.04915244499753149
3.1581
0.04864846850198413
0.024772357940097647
0.010939035073841991
0.09442187751367204
0.10001009973488195
0.049319910064640086
8.1
0.049146861346325836
0.049388692270111466
5.426159169550174
0.0997048813469332
5.414671280276817
0.01641474667713985
5.7427734375
0.09950243530636525
0.04890717343854413
8.8209
0.03282317113204212
3.2631153388822827
0.016484278923466558
0.09688338269148174
0.03276129433987244
0.049264667558900035
0.09850241286754734
5.1425
0.0070580750361801115
0.0980099017936856
13.612499999999999
0.09899989878552859
13.612499999999999
0.03269179088998909
6.959289940828402
0.09917269378288447
0.03273546728757568
4.252499999999999
0.0983048156481347
0.04935044064742495
0.019574615638981517
0.09389310014532964
0.10114540289256199
0.04958253886789059
0.01960194059976278
0.09933726326790071
4.444897959183674
0.03281414418399831
0.019676498061189648
0.048311199771050445
0.09974926755867035
0.01635087416701504
0.09665671054183084
0.10198740234375002
0.09590010369891439
0.049588435956340604
0.016361208908826582
3.259738406658739
0.10230677764565992
0.024582328269438482
0.09699982619631614
0.09904480155086216
0.03267990992037249
0.012303650382586103
0.04871271161273366
0.012316276330133935
0.09880030262269607
0.032610820392075024
8.1
0.049495756797122495
13.612499999999999
5.1425
0.09791199000000002
8.1
0.019708286972925954
0.04915244499753149
8.8209
0.03268487888888889
0.024491384614386612
0.04948836256399449
0.09615886960315345
0.1002146189377169
3.913593750000001
0.032752316743821785
0.09909999959022442
0.09703950864420413
0.09907252783653558
6.0984
0.019676633302443902
0.09509802054859083
0.049289422644049556
0.0985747179252578
0.048956031729262814
0.024573684425853726
0.024544012212311596
5.1425
0.04966375700725439
6.959289940828402
0.049171508206469774
6.938698224852071
0.09820631402733777
13.612499999999999
0.019684324834174254
0.04935044064742495
0.03248847171845898
0.024601952921527396
6.500663265306122
0.04939444741398933
0.03278319299814075
0.024536787379719014
0.0244852710641037
0.049004987736489564
9.680000000000001
0.0492208761627222
0.09771675212449353
0.03269179088998909
0.0964664417966949
0.032869145343781894
0.09778854466715273
0.03266111562723566
0.09694352514459367
0.09761942487592058
0.04937530231773543
8.1
0.0983048156481347
0.09820631402733777
0.09732860293507346
0.03275932678765478
0.03271061222222222
0.04899399375774381
11.925306122448982
0.09893632282420163
0.04877473577386698
0.09870994240651326
6.0984
0.09940152026591771
0.09791199000000002
0.09810800960638713
0.04880974883870578
0.049067518469420375
0.04919617979951935
0.03249668077522833
0.09543321021852878
0.049928667620570646
0.09705033820213703
6.067822222222222
0.03302606221636895
9.680000000000001
0.09873706384950574
0.02456707906229252
0.04896403273272817
0.0967278099416373
6.0984
0.10093707088957381
13.612499999999999
2.4486390532544378
0.10262815948736205
0.009874135874083827
0.014043245989843972
10.719843749999999
0.09870080604513527
0.032860509534845476
13.612499999999999
0.02450974359634285
0.016363373859543003
0.024459694008662495
0.0965019680166954
0.014056892445711665
0.03280900094689507
0.009854393349114069
0.032576330283330214
0.010902277023253037
0.04902399674074156
0.0327812317535598
0.09778854466715273
0.04845628886172256
0.10135459665907952
0.0964664417966949
0.09820631402733777
15.6816
0.03269179088998909
9.680000000000001
0.04888537850458125
0.024692235134350423
0.013951700544622313
0.033052016906257434
0.09923672381280864
0.016381411163137332
0.04898049749999999
10.719843749999999
0.09873706384950574
0.03270864879823786
1.9593835901707624
0.1032770189072264
0.04873436342819725
0.024628662190181373
0.03254187653987856
18.376875
3.763584
0.05008174470247281
0.09691895577920813
0.03283286428563439
0.010917109017369612
0.0922012352772192
0.10459966715976331
0.04873161312433529
0.049270343348952174
0.014043646492313712
0.032732425352725705
0.09771675212449353
0.024539307424356258
0.09675212665406427
0.09909999959022442
0.09726782433590485
18.376875
0.09818005750980921
0.09821596098007639
18.376875
15.6816
8.8209
0.03297052034466837
0.09534037653273969
0.09972031157049376
0.03217662161178384
0.10393413525903686
7.486874999999999
8.8209
0.024409695895231665
0.049998956164098295
0.032701673234943086
0.014064490479618242
9.680000000000001
0.09909999959022442
0.01403842856437631
0.012293792990928554
8.8209
0.01968837515896367
0.014111771224489797
0.09810800960638713
0.032585135339449414
0.04890717343854413
2.88
0.10198740234375002
0.04920390308337247
0.09742535085765203
0.03271560456220221
0.096929445468606
0.04928942264404956
0.09732860293507346
0.03275231674382179
6.500663265306122
0.032637359015819344
0.012278006863826036
0.09850241286754734
6.0984
0.049333270751268164
0.0980459338217096
3.763584
0.016404958067021976
0.04907860560800962
0.032585135339449414
10.719843749999999
8.1
0.10097405675417152
0.01961374626478876
0.032533112451558724
3.1581
0.049726014584245914
0.04920957420213093
0.049146861346325836
15.6816
0.024532811680116964
0.048640186519586334
0.024743720549605313
0.02453787486539668
0.00819802991195655
0.09723204697208909
0.014109311078176425
0.049171508206469774
0.04878545330629674
0.09743579279788468
0.01967272759585992
3.3640178571428576
0.03296861347372456
0.012287647896031494
0.032619663091205044
0.03273546728757568
0.032549935929683596
0.09950243530636525
18.376875
0.032693787185675484
0.0489994975
0.019590249042832502
0.049116657664025454
0.09847575566273581
0.01964903416734852
0.09824241027998742
0.04906967805452597
0.013981096988326423
0.048799000812917284
0.09974146656103135
0.008952252635089163
0.032739424917990756
0.005185626029905819
0.02474562080762629
0.09418453217455619
0.048956031729262814
0.024733151883414083
0.019594164335299067
0.03282317113204212
0.09541061258389597
0.04966968931050685
0.0489994975
0.04882868604627202
0.09867387928997441
0.032513575431410716
7.486874999999999
0.049241830305359405
0.09980641360154868
0.09713568239795918
0.09880933557167011
2.7932266435986164
5.7427734375
0.05018431862654528
8.1
0.09940152026591771
8.1
0.019657017208045507
0.09723204697208909
0.04905404175366706
0.016304632157483817
0.04941357218636186
0.024491384614386616
0.048828686046272024
0.09851175475366784
0.019640991992014693
0.04945003785329638
0.047827562292858346
0.10004678430910197
0.024556296121090036
0.09656148244109097
0.10188138656294768
0.014010317970456716
0.03270362005626741
0.09864669910812965
3.7587840000000003
0.01231874429595664
0.03276325195481143
0.09688338269148174
0.04915244499753149
0.09726782433590485
13.612499999999999
0.04956337968410861
13.612499999999999
0.04864846850198413
0.04890717343854413
0.09960355545804621
0.032665097140621616
0.09788612985416185
0.02436726664164303
0.03305387092020089
0.09506295598077104
0.024666703399983315
0.09980641360154868
0.09725261545987009
0.09163196853935338
0.10630139311822936
5.7296484375
0.09950243530636525
0.09759395684195489
0.0980099017936856
2.7202775510204082
0.032807065916488624
0.02468504438595075
0.09753263533080864
0.04865906134713412
0.09987956702318569
5.426159169550174
0.01958241403089174
0.04974646835163712
0.049080903633407495
0.09827842605046834
0.09631238464297696
12.001224489795918
0.04952499997444079
0.09850241286754734
2.9670996093749995
0.02472783997042743
10.719843749999999
0.09910871967783128
0.04827573830959256
0.10093707088957381
0.016323625478944184
0.0244813782729578
0.024637436812135843
0.048763964424190454
4.444897959183674
0.050005935922174734
0.0972070952223482
8.8209
0.09974146656103136
0.01948933199326185
0.05026152522994651
0.024557349334997664
0.024498607181589076
0.09834094409767587
0.024529213859994133
0.010957046664836389
0.012267389922179935
0.09771675212449353
0.03281414418399831
0.012282719753144216
